0 2
0 4
0 24
0 28
0 30
0 41
0 42
0 48
0 49
0 54
0 71
0 87
0 89
0 91
0 96
0 9
0 90
0 86
0 16
0 93
0 97
0 51
0 1
0 55
0 99
0 3
1 65
1 91
1 22
1 25
1 84
1 47
1 78
1 66
1 18
1 90
1 85
1 9
1 31
1 63
1 7
1 83
1 86
1 21
1 5
1 14
1 61
1 76
1 74
1 26
1 95
1 97
1 13
1 4
1 11
1 38
1 67
1 16
1 69
1 62
1 94
2 24
2 15
2 89
2 71
2 96
2 48
2 22
2 64
2 30
2 41
2 60
2 65
2 25
2 53
2 68
2 57
2 74
2 69
2 94
2 33
2 32
2 13
2 78
2 9
2 18
2 14
2 81
2 34
2 5
2 43
2 50
2 66
2 93
2 90
2 92
2 86
2 31
2 95
2 26
2 10
2 70
2 97
2 75
2 45
2 76
2 73
2 77
2 63
2 85
2 62
2 88
2 61
2 19
2 16
2 7
2 46
2 58
2 47
2 72
2 79
2 39
2 35
2 3
2 40
2 21
2 80
2 83
2 4
3 4
3 8
3 11
3 15
3 25
3 27
3 37
3 49
3 55
3 56
3 60
3 64
3 82
3 87
3 91
3 46
3 40
3 24
3 29
3 52
3 53
3 81
3 36
3 38
3 77
3 62
4 87
4 23
4 97
4 34
4 50
4 7
4 10
4 69
4 35
4 68
4 72
4 77
4 16
4 88
4 75
4 21
4 81
4 92
4 38
4 52
4 53
4 83
4 57
5 15
5 17
5 24
5 28
5 38
5 41
5 48
5 49
5 54
5 56
5 59
5 67
5 96
5 99
5 55
5 26
5 74
5 77
5 58
5 75
5 25
5 98
5 32
5 35
5 68
5 76
5 80
6 12
6 59
6 41
6 38
6 11
6 73
6 77
6 80
6 46
6 94
6 72
6 78
6 31
6 76
6 66
6 88
6 62
6 83
6 63
6 85
6 90
6 58
6 7
6 69
6 28
6 30
6 18
6 19
6 79
6 50
7 11
7 17
7 29
7 30
7 42
7 44
7 51
7 59
7 64
7 71
7 84
7 91
7 98
7 99
7 21
7 83
7 85
7 88
7 90
7 49
7 41
7 65
7 38
7 95
7 55
7 54
7 92
7 9
8 56
8 71
8 87
8 99
8 55
8 74
8 32
8 34
8 13
8 66
8 95
8 61
8 57
8 97
8 31
8 86
8 76
8 80
8 43
8 45
8 39
8 14
8 10
8 79
8 21
8 22
8 53
8 35
8 63
9 22
9 24
9 25
9 30
9 38
9 41
9 42
9 48
9 53
9 54
9 71
9 89
9 99
9 74
9 26
9 59
9 91
9 96
9 77
9 39
9 76
9 75
9 73
9 60
9 33
9 23
9 32
9 50
9 57
9 81
10 12
10 15
10 17
10 27
10 29
10 37
10 44
10 48
10 49
10 51
10 54
10 55
10 56
10 59
10 64
10 65
10 71
10 87
10 98
10 99
10 32
10 40
10 75
11 22
11 30
11 84
11 58
11 40
11 35
11 13
11 34
11 88
11 45
11 78
11 79
11 85
11 39
11 32
11 50
11 83
11 97
11 76
11 57
11 12
11 29
11 67
11 82
11 69
11 63
11 94
12 64
12 49
12 42
12 76
12 35
12 46
12 90
12 14
12 88
12 57
12 68
12 63
12 92
12 95
12 19
12 18
12 75
12 45
12 34
12 80
12 73
12 21
12 33
12 16
12 69
12 32
12 78
13 15
13 23
13 24
13 25
13 27
13 29
13 30
13 37
13 38
13 41
13 44
13 49
13 52
13 53
13 59
13 60
13 82
13 84
13 89
13 28
13 61
13 32
13 36
13 76
13 81
14 22
14 24
14 27
14 29
14 37
14 38
14 44
14 49
14 51
14 52
14 56
14 67
14 71
14 87
14 91
14 31
14 76
14 57
14 32
14 61
14 40
15 42
15 23
15 71
15 46
15 97
15 73
15 18
15 70
15 39
15 95
15 75
15 45
15 61
15 74
15 93
15 19
15 50
15 28
15 44
15 51
15 64
15 69
15 79
15 83
15 32
15 36
15 58
15 80
16 17
16 24
16 27
16 30
16 38
16 42
16 44
16 52
16 64
16 67
16 71
16 82
16 84
16 36
16 37
16 45
16 50
16 60
16 96
16 74
16 40
16 78
16 43
16 47
17 56
17 23
17 89
17 51
17 35
17 46
17 81
17 78
17 43
17 21
17 92
17 34
17 88
17 73
17 72
17 70
17 90
17 66
17 44
17 52
17 71
17 79
17 95
18 25
18 37
18 48
18 49
18 51
18 52
18 54
18 59
18 64
18 67
18 71
18 87
18 96
18 60
18 20
18 22
18 43
18 45
18 32
18 36
18 57
19 24
19 25
19 38
19 42
19 51
19 55
19 60
19 64
19 65
19 84
19 89
19 45
19 77
19 39
19 78
19 47
19 67
19 80
19 35
19 37
19 61
19 26
19 32
19 58
20 98
20 29
20 23
20 65
20 94
20 47
20 76
20 70
20 35
20 95
20 61
20 97
20 81
20 78
20 92
20 73
20 36
20 62
20 86
20 85
20 43
20 74
20 55
20 59
20 69
21 22
21 23
21 25
21 27
21 30
21 37
21 48
21 49
21 51
21 59
21 60
21 67
21 71
21 82
21 84
21 87
21 96
21 57
21 39
21 76
21 43
21 78
21 52
21 77
21 32
21 63
22 96
22 74
22 43
22 86
22 79
22 26
22 94
22 72
22 50
22 46
22 76
22 97
22 83
22 70
22 68
22 66
22 28
22 37
22 38
22 41
22 49
22 52
22 87
22 88
22 32
22 35
23 74
23 93
23 32
23 58
23 46
23 45
23 50
23 33
23 40
23 69
23 75
23 31
23 57
23 63
23 34
23 68
23 72
23 79
23 94
24 44
24 64
24 87
24 98
24 67
24 42
24 99
24 32
24 85
24 26
24 74
24 36
24 95
24 70
24 81
24 78
24 66
24 46
24 77
24 31
24 90
24 58
24 80
24 39
24 97
24 40
24 88
24 69
24 43
24 50
24 33
24 62
24 25
24 27
24 49
24 79
24 35
24 57
24 94
25 87
25 72
25 93
25 39
25 75
25 97
25 62
25 83
25 50
25 68
25 63
25 77
25 32
25 29
25 52
25 90
25 31
25 80
26 29
26 30
26 37
26 38
26 49
26 51
26 55
26 56
26 60
26 64
26 65
26 67
26 71
26 82
26 89
26 98
26 99
26 79
26 90
27 55
27 30
27 29
27 48
27 69
27 93
27 47
27 68
27 88
27 63
27 79
27 73
27 83
27 31
27 58
27 92
27 34
27 78
27 74
27 45
27 98
27 85
27 90
27 95
27 36
27 50
27 62
28 60
28 77
28 93
28 33
28 50
28 78
28 83
28 88
28 63
28 46
28 86
28 47
28 79
28 94
28 62
28 66
28 40
28 52
28 82
28 35
28 36
28 80
29 54
29 34
29 58
29 92
29 62
29 94
29 69
29 35
29 93
29 63
29 97
29 73
29 70
29 50
29 86
29 37
29 89
29 91
29 96
29 83
29 32
29 45
29 76
30 64
30 44
30 71
30 99
30 77
30 90
30 79
30 43
30 66
30 76
30 47
30 61
30 80
30 32
30 68
30 94
30 83
30 72
30 58
30 50
30 39
30 81
30 45
30 63
30 40
30 46
30 78
30 35
30 69
30 38
30 41
30 59
30 74
31 37
31 38
31 44
31 49
31 64
31 65
31 67
31 71
31 89
31 98
31 99
31 66
31 90
31 84
31 95
32 38
32 41
32 49
32 53
32 59
32 64
32 91
32 96
32 98
32 88
32 56
32 99
32 93
32 44
32 55
32 71
32 97
32 89
32 84
32 79
33 37
33 41
33 42
33 48
33 51
33 52
33 55
33 59
33 60
33 64
33 71
33 87
33 96
33 98
33 93
33 65
33 67
34 38
34 48
34 49
34 51
34 55
34 56
34 59
34 60
34 71
34 84
34 87
34 91
34 99
34 66
34 83
34 88
35 38
35 41
35 44
35 48
35 55
35 71
35 87
35 98
35 83
35 85
35 86
35 90
35 89
35 72
35 84
35 66
35 67
35 56
35 52
35 64
35 59
35 93
35 65
35 69
35 97
35 37
35 53
36 37
36 44
36 53
36 54
36 60
36 64
36 71
36 82
36 87
36 89
36 91
36 98
36 48
36 83
36 72
36 97
37 51
37 99
37 49
37 40
37 83
37 39
37 63
37 73
37 57
37 77
37 93
37 46
37 62
37 94
37 79
37 87
37 96
37 90
37 74
37 80
37 81
38 60
38 65
38 99
38 84
38 95
38 50
38 43
38 69
38 77
38 85
38 97
38 57
38 83
38 58
38 92
38 86
38 78
38 72
38 76
38 46
38 39
38 79
38 62
38 94
38 93
38 40
38 74
38 81
38 56
38 59
39 44
39 49
39 52
39 59
39 60
39 64
39 71
39 82
39 87
39 89
39 91
39 96
39 98
39 99
40 53
40 56
40 71
40 82
40 87
40 89
40 98
40 99
40 70
40 85
41 69
41 46
41 57
41 68
41 45
41 70
41 97
41 88
41 58
41 75
41 61
41 86
41 95
41 43
41 50
41 62
42 51
42 56
42 46
42 85
42 74
42 92
42 62
42 79
42 88
42 73
42 97
42 69
42 80
42 66
42 43
42 48
42 49
42 67
42 70
42 93
43 49
43 51
43 53
43 60
43 64
43 65
43 82
43 87
43 98
43 93
44 48
44 83
44 50
44 93
44 76
44 63
44 88
44 95
44 66
44 61
44 69
44 47
44 81
45 48
45 51
45 56
45 84
45 91
45 96
45 99
45 72
45 52
46 49
46 51
46 52
46 53
46 59
46 60
46 67
46 71
46 87
46 91
46 96
46 98
46 85
46 86
47 49
47 51
47 54
47 64
47 71
47 87
47 98
47 99
47 69
47 86
47 82
47 83
47 60
47 84
48 56
48 62
48 61
48 63
48 77
48 74
48 75
48 72
48 86
48 50
48 81
48 67
48 69
48 79
48 88
48 90
49 64
49 65
49 99
49 69
49 73
49 50
49 97
49 63
49 61
49 85
49 83
49 93
49 75
49 94
49 72
49 77
49 80
49 54
49 66
49 86
49 90
49 62
49 74
50 65
50 67
50 71
50 79
50 55
50 86
50 87
50 98
51 98
51 54
51 70
51 76
51 93
51 90
51 68
51 97
51 86
51 62
51 88
51 71
51 84
51 81
52 70
52 97
52 68
52 92
52 79
52 86
52 80
52 81
52 73
52 93
52 75
52 60
52 69
52 83
52 88
52 74
53 91
53 55
53 75
53 61
53 63
53 92
53 97
53 62
53 76
53 58
53 72
53 73
53 81
53 85
53 88
53 90
53 93
53 80
54 91
54 81
54 85
54 77
54 78
54 68
54 90
54 63
54 58
54 75
54 61
54 97
54 86
54 57
54 62
55 65
55 68
55 72
55 86
55 76
55 85
55 90
55 70
55 97
55 62
55 92
55 78
55 73
55 66
55 69
55 93
56 57
56 70
56 92
56 68
56 85
56 69
56 95
56 86
56 72
56 81
56 97
56 60
56 79
56 74
56 75
57 84
57 87
57 98
57 85
57 86
57 90
57 71
57 83
58 60
58 65
58 67
58 87
58 91
58 96
58 89
59 87
59 92
59 75
59 63
59 88
59 69
59 78
59 80
59 97
59 79
59 70
59 74
59 81
60 64
60 62
60 61
60 80
60 86
60 76
60 77
60 95
60 63
60 93
60 85
60 88
60 73
60 68
60 71
60 82
60 69
60 90
60 94
61 67
61 71
61 87
61 96
61 98
61 88
61 90
61 95
62 84
62 96
62 72
62 90
62 64
62 91
62 87
62 97
62 93
63 64
63 67
63 82
63 89
63 70
63 98
63 79
64 88
64 70
64 69
64 72
64 81
64 76
64 85
64 74
64 78
64 66
64 95
64 83
64 77
64 80
64 90
65 77
65 85
65 73
65 90
65 92
65 75
65 88
65 78
65 81
65 82
65 66
65 93
66 67
66 82
66 84
66 87
66 96
66 98
66 76
66 75
66 94
67 72
67 79
67 70
67 68
67 81
67 88
67 73
67 71
67 87
67 74
67 75
67 76
67 80
68 71
68 87
68 96
68 98
68 99
68 95
69 71
69 84
69 91
69 99
69 78
69 80
69 74
69 81
70 82
70 89
70 96
70 71
70 81
71 99
71 89
71 97
71 73
71 95
71 81
71 94
71 83
71 86
71 92
71 80
71 79
71 78
71 77
71 75
71 72
71 85
71 90
72 82
72 84
72 87
72 98
72 74
72 81
73 87
73 96
73 86
73 88
73 84
73 79
74 84
74 89
74 99
74 91
74 85
74 79
74 98
74 88
75 82
75 84
75 87
75 95
75 91
75 89
76 82
76 87
76 99
76 85
76 83
77 89
77 96
77 83
77 98
77 88
78 87
78 89
79 96
79 94
80 87
80 89
80 98
80 82
80 86
81 87
81 91
81 98
81 99
81 85
81 86
81 97
82 89
82 95
82 97
82 85
82 98
82 92
83 87
83 91
83 98
83 99
84 95
84 90
84 94
84 97
84 98
85 98
85 99
86 87
86 91
86 94
87 88
87 95
87 94
87 96
87 93
88 96
88 94
88 99
88 91
88 89
89 92
89 95
89 97
89 94
89 96
89 90
90 91
91 97
91 92
92 96
92 98
92 99
93 96
94 96
94 97
95 96
95 98
96 97
