0 70
0 6
0 87
0 28
1 66
2 89
3 61
3 46
4 61
5 81
6 85
6 12
7 73
8 27
9 12
10 92
10 12
10 43
11 12
12 12
12 66
12 49
12 31
12 25
12 73
12 62
12 70
12 32
12 99
12 95
12 84
12 78
12 89
12 82
12 22
12 21
12 57
12 51
12 90
12 71
12 24
12 87
13 91
13 46
14 69
15 62
16 54
16 86
17 92
18 55
19 60
20 48
20 66
21 97
22 44
23 35
24 58
24 33
25 45
25 94
26 89
29 30
29 37
29 77
31 59
32 55
32 52
34 62
36 68
38 74
39 92
40 80
41 67
41 79
42 64
42 88
42 72
46 75
47 92
50 84
50 63
53 60
54 73
54 94
56 74
61 80
64 89
65 96
69 81
72 93
72 74
76 92
77 98
83 91
87 88
89 93
