0 1
0 9
0 11
0 18
0 27
0 38
0 39
0 47
0 49
0 50
0 55
0 56
0 59
0 62
0 64
0 67
0 70
0 73
0 84
0 90
0 93
0 94
0 96
0 99
1 9
1 11
1 24
1 27
1 38
1 39
1 47
1 48
1 56
1 59
1 62
1 64
1 67
1 74
1 80
1 84
1 86
1 90
1 93
2 15
2 22
2 26
2 28
2 46
2 58
2 60
2 68
2 81
2 89
2 97
3 4
3 5
3 14
3 25
3 35
3 37
3 41
3 54
3 65
3 76
3 77
3 78
3 87
3 95
4 21
4 24
4 25
4 38
4 41
4 48
4 54
4 65
4 74
4 76
4 78
4 80
4 86
4 95
5 14
5 19
5 31
5 34
5 35
5 37
5 42
5 44
5 51
5 57
5 71
5 75
5 76
5 77
5 78
5 82
5 83
5 87
5 88
5 91
6 10
6 12
6 13
6 14
6 17
6 19
6 20
6 22
6 29
6 30
6 32
6 33
6 34
6 43
6 44
6 45
6 51
6 57
6 63
6 66
6 68
6 69
6 71
6 72
6 75
6 81
6 82
6 83
6 88
6 91
6 98
7 10
7 17
7 22
7 26
7 30
7 33
7 40
7 43
7 45
7 53
7 63
7 66
7 68
7 72
7 79
7 81
7 85
7 92
8 12
8 13
8 18
8 20
8 21
8 23
8 24
8 29
8 32
8 39
8 47
8 49
8 61
8 62
8 67
8 69
8 70
8 73
8 74
8 81
8 96
8 97
9 11
9 24
9 27
9 38
9 39
9 47
9 48
9 55
9 56
9 59
9 62
9 64
9 67
9 74
9 80
9 84
9 86
9 90
9 93
9 94
9 99
10 17
10 19
10 22
10 30
10 31
10 32
10 33
10 34
10 40
10 42
10 43
10 44
10 45
10 51
10 53
10 57
10 63
10 66
10 71
10 72
10 75
10 79
10 81
10 83
10 85
10 88
10 91
10 92
10 98
11 24
11 27
11 38
11 39
11 47
11 48
11 55
11 56
11 59
11 62
11 64
11 67
11 74
11 80
11 84
11 86
11 90
11 93
11 94
11 99
12 13
12 20
12 21
12 22
12 23
12 29
12 32
12 44
12 47
12 49
12 51
12 57
12 63
12 66
12 67
12 68
12 69
12 70
12 73
12 81
12 83
12 88
12 96
12 97
12 98
13 14
13 20
13 21
13 22
13 23
13 24
13 29
13 32
13 37
13 44
13 47
13 51
13 57
13 66
13 67
13 69
13 71
13 75
13 78
13 81
13 82
13 83
13 86
13 88
13 91
13 95
13 98
14 19
14 20
14 21
14 24
14 29
14 31
14 32
14 34
14 35
14 37
14 42
14 44
14 51
14 57
14 71
14 72
14 75
14 76
14 78
14 82
14 83
14 86
14 87
14 88
14 91
14 95
14 98
15 16
15 28
15 36
15 46
15 58
15 60
15 61
15 89
15 97
16 18
16 36
16 49
16 52
16 58
16 60
16 61
16 89
16 97
17 19
17 22
17 30
17 31
17 33
17 34
17 40
17 42
17 43
17 44
17 45
17 51
17 53
17 57
17 63
17 66
17 71
17 72
17 75
17 79
17 83
17 85
17 88
17 91
17 92
17 98
18 36
18 49
18 50
18 52
18 55
18 61
18 62
18 70
18 73
18 89
18 96
18 97
19 30
19 31
19 34
19 35
19 37
19 42
19 44
19 45
19 51
19 53
19 57
19 66
19 71
19 72
19 75
19 78
19 82
19 83
19 85
19 87
19 88
19 91
19 98
20 21
20 23
20 24
20 29
20 32
20 37
20 38
20 44
20 47
20 51
20 57
20 67
20 69
20 70
20 73
20 74
20 75
20 76
20 78
20 80
20 83
20 86
20 88
20 95
20 98
21 23
21 24
21 29
21 32
21 37
21 38
21 44
21 47
21 48
21 65
21 67
21 74
21 76
21 78
21 80
21 83
21 86
21 88
21 95
21 98
22 26
22 28
22 29
22 30
22 32
22 33
22 43
22 46
22 57
22 63
22 66
22 68
22 69
22 81
22 89
22 97
22 98
23 24
23 29
23 32
23 38
23 47
23 49
23 61
23 62
23 67
23 69
23 70
23 73
23 74
23 81
23 83
23 86
23 96
23 98
24 29
24 32
24 38
24 39
24 41
24 47
24 48
24 59
24 65
24 67
24 74
24 76
24 80
24 86
24 93
24 95
24 96
25 35
25 37
25 41
25 54
25 65
25 76
25 77
25 78
25 87
25 95
26 28
26 33
26 43
26 46
26 60
26 63
26 68
26 69
26 81
26 89
26 97
27 38
27 39
27 48
27 55
27 56
27 59
27 62
27 64
27 84
27 90
27 93
27 94
27 99
28 46
28 58
28 60
28 68
28 81
28 89
28 97
29 32
29 44
29 47
29 51
29 57
29 66
29 67
29 69
29 70
29 73
29 74
29 78
29 81
29 83
29 86
29 88
29 96
29 98
30 31
30 33
30 34
30 40
30 42
30 43
30 44
30 45
30 51
30 53
30 57
30 63
30 66
30 71
30 72
30 75
30 79
30 82
30 83
30 85
30 88
30 91
30 92
30 98
31 34
31 35
31 37
31 42
31 44
31 51
31 53
31 57
31 71
31 72
31 75
31 78
31 82
31 83
31 87
31 88
31 91
32 44
32 47
32 51
32 57
32 63
32 66
32 67
32 68
32 69
32 70
32 72
32 73
32 81
32 83
32 88
32 91
32 98
33 40
33 43
33 45
33 53
33 57
33 63
33 66
33 68
33 69
33 72
33 79
33 81
33 85
33 92
33 98
34 35
34 37
34 42
34 44
34 51
34 53
34 57
34 71
34 72
34 75
34 78
34 82
34 83
34 87
34 88
34 91
34 98
35 37
35 42
35 44
35 51
35 54
35 71
35 75
35 76
35 77
35 78
35 82
35 83
35 87
35 88
35 95
36 49
36 52
36 58
36 60
36 61
36 89
36 97
37 42
37 44
37 51
37 54
37 57
37 71
37 72
37 75
37 76
37 78
37 82
37 83
37 87
37 88
37 91
37 95
37 98
38 39
38 41
38 47
38 48
38 56
38 59
38 62
38 65
38 67
38 74
38 80
38 84
38 86
38 90
38 93
38 95
39 47
39 48
39 50
39 55
39 56
39 59
39 62
39 64
39 67
39 74
39 80
39 84
39 86
39 90
39 93
39 94
39 96
39 99
40 43
40 45
40 53
40 72
40 79
40 85
40 92
41 48
41 54
41 65
41 74
41 76
41 80
41 86
41 95
42 44
42 51
42 53
42 57
42 71
42 72
42 75
42 78
42 82
42 83
42 87
42 88
42 91
43 45
43 53
43 57
43 63
43 66
43 68
43 72
43 79
43 81
43 85
43 91
43 92
44 51
44 57
44 66
44 71
44 72
44 75
44 78
44 82
44 83
44 87
44 88
44 91
44 98
45 51
45 53
45 57
45 63
45 66
45 72
45 79
45 85
45 91
45 92
45 98
46 58
46 60
46 61
46 63
46 68
46 69
46 81
46 89
46 97
47 48
47 49
47 55
47 56
47 59
47 62
47 67
47 70
47 73
47 74
47 80
47 84
47 86
47 93
47 94
47 96
48 56
48 59
48 65
48 67
48 74
48 80
48 84
48 86
48 90
48 93
48 95
49 50
49 52
49 55
49 61
49 62
49 67
49 69
49 70
49 73
49 89
49 96
49 97
50 52
50 55
50 56
50 62
50 70
50 73
50 84
50 94
50 96
50 99
51 53
51 57
51 66
51 71
51 72
51 75
51 78
51 82
51 83
51 88
51 91
51 98
52 60
52 61
52 62
52 70
52 73
52 89
52 96
52 97
53 57
53 66
53 72
53 79
53 85
53 91
53 92
54 65
54 76
54 77
54 78
54 87
54 95
55 56
55 59
55 62
55 64
55 70
55 73
55 84
55 90
55 93
55 94
55 96
55 99
56 59
56 62
56 64
56 74
56 84
56 90
56 93
56 94
56 99
57 63
57 66
57 69
57 71
57 72
57 75
57 81
57 82
57 83
57 85
57 88
57 91
57 98
58 60
58 89
58 97
59 62
59 64
59 67
59 74
59 84
59 90
59 93
59 94
59 96
59 99
60 61
60 89
60 97
61 62
61 69
61 70
61 73
61 89
61 96
61 97
62 67
62 70
62 73
62 74
62 84
62 90
62 93
62 94
62 96
62 99
63 66
63 68
63 69
63 72
63 79
63 81
63 91
63 92
63 98
64 84
64 90
64 93
64 94
64 99
65 74
65 76
65 78
65 80
65 86
65 95
66 68
66 69
66 72
66 75
66 81
66 83
66 88
66 91
66 98
67 70
67 73
67 74
67 80
67 84
67 86
67 93
67 96
68 69
68 81
68 89
68 97
68 98
69 70
69 73
69 81
69 83
69 89
69 97
69 98
70 73
70 96
70 97
71 72
71 75
71 78
71 82
71 83
71 87
71 88
71 91
71 98
72 75
72 82
72 83
72 85
72 88
72 91
72 98
73 96
73 97
74 80
74 84
74 86
74 93
74 95
74 96
75 78
75 82
75 83
75 87
75 88
75 91
75 98
76 77
76 78
76 80
76 86
76 87
76 95
77 78
77 87
78 82
78 83
78 86
78 87
78 88
78 95
79 85
79 92
80 86
80 93
80 95
81 89
81 97
81 98
82 83
82 87
82 88
82 91
82 98
83 88
83 91
83 98
84 90
84 93
84 94
84 96
84 99
85 91
85 92
86 93
86 95
87 88
88 91
88 98
89 97
90 93
90 94
90 99
91 98
93 94
93 96
93 99
94 96
94 99
