0 1
0 4
0 5
0 10
0 13
0 16
0 17
0 20
0 30
0 40
0 43
0 57
0 70
0 71
0 76
0 96
1 4
1 5
1 10
1 12
1 13
1 16
1 17
1 20
1 21
1 25
1 27
1 30
1 39
1 42
1 43
1 44
1 49
1 50
1 51
1 52
1 53
1 57
1 59
1 62
1 65
1 66
1 70
1 71
1 76
1 87
1 90
1 96
1 98
2 6
2 7
2 14
2 15
2 18
2 24
2 33
2 37
2 41
2 45
2 56
2 58
2 73
2 78
2 79
2 81
2 82
2 83
2 84
2 85
2 89
2 90
2 91
2 95
2 99
3 9
3 19
3 22
3 26
3 28
3 29
3 34
3 35
3 46
3 47
3 48
3 54
3 63
3 64
3 69
3 74
3 75
3 77
3 86
3 88
3 92
3 94
4 5
4 8
4 10
4 11
4 13
4 16
4 17
4 20
4 23
4 25
4 28
4 30
4 31
4 32
4 40
4 43
4 51
4 57
4 62
4 64
4 68
4 70
4 71
4 76
4 80
4 96
5 10
5 13
5 16
5 17
5 20
5 21
5 30
5 40
5 43
5 49
5 50
5 52
5 57
5 59
5 62
5 70
5 71
5 76
5 96
6 7
6 9
6 14
6 18
6 26
6 27
6 34
6 36
6 37
6 38
6 41
6 47
6 55
6 56
6 58
6 60
6 61
6 73
6 74
6 78
6 79
6 81
6 82
6 83
6 84
6 85
6 91
6 92
6 93
6 95
6 97
7 9
7 14
7 15
7 18
7 19
7 25
7 26
7 27
7 28
7 29
7 31
7 33
7 34
7 35
7 36
7 37
7 38
7 41
7 44
7 46
7 47
7 51
7 53
7 54
7 55
7 56
7 58
7 60
7 61
7 62
7 63
7 74
7 75
7 77
7 78
7 79
7 80
7 81
7 82
7 83
7 84
7 85
7 86
7 90
7 92
7 93
7 97
7 99
8 10
8 11
8 13
8 16
8 17
8 19
8 22
8 23
8 25
8 28
8 29
8 31
8 32
8 40
8 46
8 48
8 51
8 54
8 57
8 63
8 64
8 68
8 69
8 76
8 77
8 80
8 88
8 94
8 96
9 14
9 19
9 26
9 27
9 29
9 34
9 35
9 36
9 37
9 38
9 41
9 46
9 47
9 54
9 55
9 56
9 58
9 60
9 61
9 63
9 74
9 75
9 77
9 78
9 79
9 80
9 81
9 82
9 83
9 84
9 86
9 91
9 92
9 93
9 94
9 97
10 11
10 13
10 16
10 17
10 19
10 20
10 23
10 25
10 27
10 28
10 29
10 30
10 31
10 32
10 36
10 40
10 41
10 43
10 44
10 47
10 48
10 49
10 50
10 51
10 52
10 53
10 54
10 57
10 59
10 60
10 62
10 64
10 68
10 70
10 71
10 76
10 77
10 78
10 80
10 81
10 96
11 13
11 16
11 17
11 19
11 22
11 23
11 25
11 28
11 29
11 31
11 32
11 40
11 43
11 46
11 48
11 51
11 54
11 57
11 64
11 68
11 69
11 76
11 77
11 80
11 88
11 94
11 96
12 15
12 21
12 24
12 33
12 39
12 42
12 44
12 45
12 49
12 50
12 52
12 59
12 62
12 65
12 66
12 67
12 71
12 72
12 87
12 89
12 90
12 98
12 99
13 16
13 17
13 20
13 21
13 23
13 25
13 27
13 28
13 30
13 31
13 32
13 40
13 43
13 44
13 49
13 50
13 51
13 52
13 53
13 57
13 59
13 62
13 64
13 68
13 70
13 71
13 76
13 80
13 96
13 98
14 18
14 33
14 34
14 36
14 37
14 38
14 41
14 55
14 56
14 58
14 61
14 73
14 78
14 79
14 81
14 82
14 83
14 84
14 85
14 91
14 93
14 95
14 97
14 99
15 18
15 21
15 24
15 27
15 33
15 36
15 37
15 39
15 41
15 42
15 44
15 45
15 47
15 49
15 51
15 52
15 53
15 56
15 58
15 59
15 60
15 62
15 65
15 67
15 73
15 78
15 79
15 81
15 82
15 83
15 84
15 85
15 87
15 89
15 90
15 95
15 99
16 17
16 19
16 20
16 23
16 25
16 27
16 28
16 29
16 30
16 31
16 32
16 36
16 40
16 43
16 44
16 47
16 48
16 49
16 50
16 51
16 53
16 54
16 57
16 59
16 60
16 62
16 64
16 68
16 70
16 71
16 76
16 77
16 78
16 80
16 96
17 20
17 23
17 25
17 28
17 30
17 31
17 32
17 40
17 43
17 49
17 50
17 51
17 53
17 57
17 59
17 62
17 64
17 68
17 70
17 71
17 76
17 80
17 96
18 24
18 27
18 33
18 37
18 41
18 44
18 45
18 56
18 58
18 73
18 78
18 79
18 81
18 82
18 83
18 84
18 85
18 89
18 90
18 95
18 99
19 22
19 23
19 25
19 26
19 27
19 28
19 29
19 31
19 32
19 34
19 35
19 36
19 38
19 41
19 46
19 47
19 48
19 51
19 53
19 54
19 55
19 57
19 60
19 63
19 64
19 68
19 69
19 74
19 75
19 77
19 78
19 80
19 81
19 86
19 88
19 92
19 94
19 97
20 30
20 40
20 43
20 50
20 70
20 71
20 76
20 96
21 39
21 42
21 44
21 49
21 50
21 52
21 59
21 62
21 65
21 66
21 67
21 70
21 71
21 72
21 76
21 87
21 90
21 98
21 99
22 23
22 25
22 26
22 28
22 29
22 31
22 32
22 35
22 46
22 47
22 48
22 54
22 63
22 64
22 68
22 69
22 74
22 75
22 77
22 80
22 86
22 88
22 92
22 94
23 25
23 28
23 29
23 31
23 32
23 40
23 43
23 46
23 48
23 51
23 54
23 57
23 63
23 64
23 68
23 69
23 76
23 77
23 80
23 86
23 88
23 94
23 96
24 27
24 33
24 37
24 39
24 42
24 44
24 45
24 49
24 56
24 58
24 59
24 65
24 67
24 72
24 73
24 78
24 79
24 81
24 83
24 84
24 85
24 87
24 89
24 90
24 95
24 99
25 27
25 28
25 29
25 31
25 32
25 36
25 40
25 41
25 44
25 46
25 47
25 48
25 49
25 51
25 53
25 54
25 57
25 60
25 62
25 63
25 64
25 68
25 69
25 74
25 76
25 77
25 78
25 80
25 81
25 86
25 88
25 94
25 96
26 28
26 29
26 34
26 35
26 36
26 38
26 41
26 46
26 47
26 48
26 54
26 55
26 60
26 61
26 63
26 69
26 74
26 75
26 77
26 79
26 80
26 86
26 88
26 92
26 93
26 94
26 97
27 28
27 29
27 31
27 32
27 33
27 36
27 37
27 38
27 41
27 44
27 46
27 47
27 49
27 51
27 53
27 54
27 55
27 57
27 58
27 59
27 60
27 62
27 68
27 74
27 76
27 77
27 78
27 79
27 80
27 81
27 83
27 86
27 90
27 99
28 29
28 31
28 32
28 36
28 40
28 41
28 46
28 47
28 48
28 51
28 53
28 54
28 57
28 60
28 62
28 63
28 64
28 68
28 69
28 74
28 75
28 76
28 77
28 78
28 80
28 81
28 86
28 88
28 94
28 96
29 31
29 32
29 34
29 35
29 36
29 37
29 38
29 41
29 46
29 47
29 48
29 51
29 53
29 54
29 55
29 57
29 60
29 63
29 64
29 68
29 69
29 74
29 75
29 76
29 77
29 78
29 79
29 80
29 81
29 86
29 88
29 92
29 94
29 97
30 40
30 43
30 50
30 57
30 70
30 71
30 76
30 96
31 32
31 36
31 40
31 41
31 46
31 47
31 48
31 51
31 53
31 54
31 57
31 60
31 62
31 63
31 64
31 68
31 69
31 74
31 75
31 76
31 77
31 78
31 80
31 81
31 86
31 88
31 94
31 96
32 36
32 40
32 46
32 47
32 48
32 51
32 53
32 54
32 57
32 60
32 62
32 63
32 64
32 68
32 69
32 74
32 76
32 77
32 80
32 86
32 88
32 94
32 96
33 36
33 37
33 39
33 41
33 42
33 44
33 45
33 49
33 53
33 56
33 58
33 59
33 62
33 65
33 67
33 72
33 73
33 78
33 79
33 81
33 82
33 83
33 84
33 85
33 87
33 89
33 90
33 95
33 99
34 35
34 36
34 37
34 38
34 41
34 46
34 47
34 54
34 55
34 60
34 61
34 63
34 74
34 75
34 77
34 78
34 79
34 81
34 82
34 83
34 86
34 91
34 92
34 93
34 94
34 97
35 36
35 38
35 46
35 47
35 48
35 54
35 55
35 60
35 63
35 69
35 74
35 75
35 77
35 80
35 86
35 88
35 92
35 94
35 97
36 37
36 38
36 41
36 44
36 46
36 47
36 48
36 51
36 53
36 54
36 55
36 56
36 57
36 58
36 60
36 61
36 62
36 63
36 68
36 74
36 75
36 76
36 77
36 78
36 79
36 80
36 81
36 82
36 83
36 86
36 90
36 92
36 94
36 97
36 99
37 38
37 41
37 47
37 51
37 53
37 54
37 55
37 56
37 58
37 60
37 61
37 73
37 74
37 78
37 79
37 80
37 81
37 82
37 83
37 84
37 85
37 86
37 90
37 91
37 92
37 93
37 95
37 97
37 99
38 41
38 46
38 47
38 54
38 55
38 56
38 58
38 60
38 61
38 63
38 74
38 75
38 78
38 79
38 81
38 82
38 83
38 84
38 85
38 86
38 91
38 92
38 93
38 97
39 42
39 44
39 45
39 49
39 50
39 52
39 59
39 62
39 65
39 66
39 67
39 70
39 71
39 72
39 87
39 89
39 90
39 98
39 99
40 43
40 48
40 51
40 57
40 64
40 68
40 76
40 96
41 44
41 46
41 47
41 51
41 53
41 54
41 55
41 56
41 58
41 60
41 61
41 62
41 63
41 74
41 75
41 77
41 78
41 79
41 80
41 81
41 82
41 83
41 84
41 85
41 86
41 90
41 92
41 93
41 97
41 99
42 44
42 45
42 49
42 50
42 52
42 59
42 62
42 65
42 66
42 67
42 71
42 72
42 87
42 89
42 90
42 98
42 99
43 57
43 70
43 71
43 76
43 96
44 45
44 49
44 50
44 51
44 52
44 53
44 58
44 59
44 62
44 65
44 66
44 67
44 70
44 71
44 72
44 76
44 78
44 80
44 81
44 87
44 89
44 90
44 98
44 99
45 65
45 66
45 67
45 72
45 73
45 87
45 89
45 90
45 95
45 99
46 47
46 48
46 51
46 53
46 54
46 55
46 57
46 60
46 63
46 64
46 68
46 69
46 74
46 75
46 77
46 78
46 80
46 81
46 86
46 88
46 92
46 94
46 97
47 48
47 51
47 53
47 54
47 55
47 57
47 58
47 60
47 61
47 62
47 63
47 64
47 68
47 69
47 74
47 75
47 76
47 77
47 78
47 79
47 80
47 81
47 82
47 83
47 86
47 88
47 90
47 92
47 93
47 94
47 97
47 99
48 51
48 54
48 57
48 60
48 63
48 64
48 68
48 69
48 74
48 75
48 76
48 77
48 80
48 86
48 88
48 92
48 94
48 96
49 50
49 51
49 52
49 53
49 57
49 59
49 62
49 65
49 66
49 67
49 70
49 71
49 72
49 76
49 78
49 81
49 87
49 90
49 98
49 99
50 52
50 53
50 59
50 62
50 65
50 66
50 70
50 71
50 72
50 76
50 87
50 98
51 53
51 54
51 57
51 58
51 59
51 60
51 62
51 63
51 64
51 68
51 71
51 74
51 76
51 77
51 78
51 79
51 80
51 81
51 83
51 86
51 90
51 94
51 96
51 99
52 53
52 59
52 62
52 65
52 66
52 67
52 70
52 71
52 72
52 76
52 87
52 90
52 98
52 99
53 54
53 57
53 58
53 59
53 60
53 62
53 64
53 68
53 71
53 74
53 76
53 77
53 78
53 79
53 80
53 81
53 83
53 86
53 90
53 96
53 99
54 55
54 57
54 60
54 63
54 64
54 68
54 69
54 74
54 75
54 76
54 77
54 78
54 79
54 80
54 81
54 86
54 88
54 92
54 94
54 96
54 97
55 56
55 58
55 60
55 61
55 63
55 74
55 75
55 78
55 79
55 80
55 81
55 82
55 83
55 84
55 86
55 91
55 92
55 93
55 97
56 58
56 61
56 73
56 78
56 79
56 81
56 82
56 83
56 84
56 85
56 90
56 91
56 93
56 95
56 97
56 99
57 60
57 62
57 63
57 64
57 68
57 69
57 71
57 76
57 77
57 78
57 80
57 86
57 88
57 94
57 96
58 60
58 61
58 62
58 73
58 78
58 79
58 81
58 82
58 83
58 84
58 85
58 90
58 91
58 93
58 95
58 99
59 62
59 65
59 66
59 67
59 70
59 71
59 72
59 76
59 78
59 87
59 90
59 98
59 99
60 61
60 62
60 63
60 64
60 68
60 74
60 75
60 76
60 77
60 78
60 79
60 80
60 81
60 82
60 83
60 86
60 90
60 92
60 94
60 97
60 99
61 74
61 79
61 81
61 82
61 83
61 84
61 85
61 91
61 92
61 93
61 97
62 66
62 68
62 70
62 71
62 76
62 78
62 80
62 81
62 90
62 96
62 98
62 99
63 64
63 68
63 69
63 74
63 75
63 77
63 78
63 80
63 81
63 86
63 88
63 92
63 94
63 97
64 68
64 69
64 74
64 76
64 77
64 80
64 86
64 88
64 94
64 96
65 66
65 67
65 72
65 87
65 89
65 90
65 98
65 99
66 67
66 70
66 71
66 72
66 87
66 89
66 90
66 98
67 72
67 87
67 89
67 90
67 98
67 99
68 69
68 74
68 76
68 77
68 80
68 86
68 88
68 94
68 96
69 74
69 75
69 77
69 80
69 86
69 88
69 92
69 94
70 71
70 76
70 96
70 98
71 76
71 96
71 98
72 87
72 89
72 98
73 79
73 82
73 83
73 84
73 85
73 89
73 90
73 95
73 99
74 75
74 77
74 78
74 79
74 80
74 81
74 86
74 88
74 92
74 93
74 94
74 97
75 77
75 80
75 86
75 88
75 92
75 94
75 97
76 77
76 78
76 80
76 81
76 96
77 78
77 80
77 81
77 86
77 88
77 92
77 94
78 79
78 80
78 81
78 82
78 83
78 84
78 85
78 86
78 90
78 95
78 97
78 99
79 80
79 81
79 82
79 83
79 84
79 85
79 86
79 90
79 91
79 92
79 93
79 95
79 97
79 99
80 81
80 83
80 86
80 88
80 90
80 92
80 94
80 96
81 82
81 83
81 84
81 85
81 86
81 90
81 95
81 97
81 99
82 83
82 84
82 85
82 91
82 93
82 95
82 97
82 99
83 84
83 85
83 90
83 91
83 93
83 95
83 97
83 99
84 85
84 90
84 91
84 93
84 95
84 97
84 99
85 90
85 91
85 95
85 99
86 88
86 92
86 94
86 97
87 89
87 90
87 98
87 99
88 92
88 94
89 90
89 95
89 99
90 95
90 99
91 93
91 95
91 97
92 93
92 94
92 97
93 97
95 99
