0 1
0 2
0 3
0 13
0 15
0 21
0 22
0 24
0 26
0 27
0 28
0 30
0 31
0 32
0 36
0 37
0 38
0 41
0 45
0 46
0 47
0 48
0 51
0 55
0 57
0 59
0 61
0 64
0 69
0 70
0 71
0 72
0 73
0 74
0 75
0 77
0 78
0 79
0 82
0 83
0 85
0 88
0 89
0 94
0 95
0 97
1 2
1 3
1 6
1 7
1 9
1 12
1 15
1 21
1 24
1 25
1 26
1 27
1 28
1 30
1 31
1 32
1 36
1 38
1 41
1 45
1 47
1 49
1 51
1 59
1 61
1 64
1 70
1 71
1 73
1 74
1 75
1 77
1 79
1 82
1 83
1 85
1 89
1 94
1 95
1 97
2 3
2 9
2 13
2 14
2 18
2 21
2 22
2 24
2 26
2 27
2 28
2 30
2 31
2 35
2 36
2 37
2 38
2 39
2 41
2 45
2 46
2 47
2 48
2 51
2 55
2 57
2 59
2 61
2 64
2 67
2 69
2 70
2 71
2 72
2 73
2 74
2 75
2 77
2 78
2 79
2 81
2 82
2 83
2 85
2 87
2 88
2 89
2 94
2 95
2 97
2 99
3 4
3 5
3 7
3 8
3 9
3 10
3 11
3 12
3 13
3 14
3 15
3 18
3 19
3 21
3 22
3 23
3 24
3 26
3 27
3 28
3 29
3 30
3 31
3 32
3 33
3 34
3 35
3 36
3 38
3 39
3 40
3 41
3 42
3 43
3 44
3 45
3 47
3 49
3 51
3 52
3 55
3 56
3 59
3 60
3 61
3 62
3 64
3 65
3 67
3 70
3 71
3 73
3 74
3 75
3 77
3 79
3 80
3 81
3 82
3 83
3 84
3 85
3 86
3 87
3 90
3 91
3 92
3 93
3 94
3 95
3 97
3 98
3 99
4 5
4 7
4 8
4 9
4 10
4 11
4 12
4 13
4 14
4 15
4 16
4 17
4 19
4 23
4 24
4 26
4 27
4 28
4 29
4 31
4 33
4 34
4 39
4 40
4 42
4 44
4 47
4 49
4 50
4 51
4 52
4 54
4 55
4 56
4 59
4 60
4 62
4 63
4 65
4 67
4 68
4 71
4 75
4 76
4 79
4 80
4 82
4 83
4 84
4 86
4 87
4 90
4 91
4 92
4 93
4 96
4 97
4 98
4 99
5 7
5 8
5 9
5 10
5 11
5 14
5 16
5 17
5 19
5 20
5 23
5 29
5 33
5 34
5 39
5 40
5 42
5 44
5 47
5 49
5 50
5 51
5 52
5 53
5 54
5 56
5 60
5 62
5 63
5 65
5 67
5 68
5 76
5 79
5 80
5 84
5 86
5 87
5 90
5 91
5 92
5 93
5 96
5 97
5 98
5 99
6 7
6 8
6 9
6 12
6 15
6 21
6 24
6 25
6 27
6 28
6 30
6 32
6 34
6 38
6 41
6 42
6 47
6 49
6 62
6 64
6 70
6 75
6 79
6 82
6 83
6 85
6 92
6 94
6 97
7 8
7 9
7 12
7 14
7 15
7 16
7 21
7 24
7 25
7 27
7 28
7 29
7 30
7 32
7 34
7 38
7 40
7 42
7 47
7 49
7 51
7 54
7 62
7 65
7 70
7 75
7 79
7 80
7 82
7 83
7 86
7 92
7 93
7 96
7 97
7 98
7 99
8 9
8 12
8 14
8 15
8 16
8 17
8 19
8 24
8 29
8 32
8 33
8 34
8 40
8 42
8 44
8 47
8 49
8 50
8 54
8 60
8 62
8 63
8 65
8 68
8 76
8 79
8 80
8 84
8 86
8 90
8 92
8 93
8 96
8 97
8 98
8 99
9 10
9 11
9 12
9 13
9 14
9 15
9 16
9 19
9 21
9 24
9 26
9 27
9 28
9 29
9 30
9 31
9 32
9 33
9 34
9 38
9 39
9 40
9 42
9 44
9 45
9 47
9 49
9 50
9 51
9 52
9 54
9 55
9 56
9 59
9 60
9 61
9 62
9 64
9 65
9 67
9 68
9 70
9 71
9 73
9 74
9 75
9 76
9 77
9 79
9 80
9 81
9 82
9 83
9 84
9 85
9 86
9 87
9 90
9 91
9 92
9 93
9 94
9 96
9 97
9 98
9 99
10 11
10 13
10 14
10 18
10 19
10 20
10 23
10 26
10 31
10 33
10 35
10 39
10 40
10 43
10 44
10 51
10 52
10 53
10 55
10 56
10 58
10 60
10 65
10 66
10 67
10 68
10 81
10 84
10 87
10 90
10 91
10 93
10 98
10 99
11 13
11 14
11 17
11 18
11 19
11 20
11 23
11 26
11 27
11 28
11 31
11 33
11 34
11 35
11 39
11 40
11 42
11 43
11 44
11 47
11 50
11 51
11 52
11 53
11 54
11 55
11 56
11 58
11 60
11 63
11 65
11 66
11 67
11 68
11 71
11 76
11 79
11 80
11 81
11 82
11 84
11 86
11 87
11 90
11 91
11 93
11 96
11 97
11 98
11 99
12 14
12 15
12 16
12 21
12 24
12 25
12 27
12 28
12 29
12 30
12 32
12 34
12 38
12 40
12 42
12 47
12 49
12 51
12 54
12 62
12 65
12 70
12 75
12 79
12 80
12 82
12 83
12 86
12 92
12 93
12 96
12 97
12 98
12 99
13 14
13 18
13 20
13 22
13 23
13 26
13 27
13 28
13 31
13 35
13 36
13 38
13 39
13 40
13 43
13 44
13 45
13 47
13 51
13 52
13 53
13 55
13 56
13 58
13 59
13 60
13 61
13 64
13 65
13 67
13 69
13 71
13 72
13 73
13 74
13 75
13 77
13 78
13 79
13 81
13 82
13 83
13 84
13 85
13 87
13 88
13 90
13 91
13 93
13 94
13 95
13 97
13 98
13 99
14 15
14 16
14 17
14 18
14 19
14 20
14 23
14 24
14 26
14 27
14 28
14 29
14 31
14 33
14 34
14 38
14 39
14 40
14 42
14 43
14 44
14 45
14 47
14 49
14 50
14 51
14 52
14 53
14 54
14 55
14 56
14 59
14 60
14 62
14 63
14 65
14 67
14 68
14 71
14 74
14 75
14 76
14 77
14 79
14 80
14 81
14 82
14 83
14 84
14 86
14 87
14 90
14 91
14 92
14 93
14 96
14 97
14 98
14 99
15 21
15 24
15 25
15 26
15 27
15 28
15 29
15 30
15 32
15 34
15 36
15 38
15 40
15 41
15 42
15 47
15 49
15 51
15 59
15 61
15 62
15 64
15 65
15 70
15 73
15 74
15 75
15 77
15 79
15 82
15 83
15 85
15 86
15 92
15 93
15 94
15 95
15 97
15 98
15 99
16 17
16 19
16 29
16 33
16 34
16 40
16 42
16 44
16 49
16 50
16 54
16 60
16 62
16 63
16 65
16 68
16 76
16 80
16 84
16 86
16 90
16 92
16 93
16 96
16 98
16 99
17 19
17 23
17 29
17 33
17 34
17 40
17 42
17 44
17 50
17 52
17 54
17 56
17 60
17 63
17 65
17 68
17 76
17 80
17 84
17 86
17 90
17 91
17 92
17 93
17 96
17 98
17 99
18 20
18 22
18 23
18 26
18 27
18 28
18 31
18 35
18 37
18 39
18 43
18 45
18 51
18 52
18 53
18 55
18 56
18 57
18 58
18 59
18 61
18 66
18 67
18 69
18 71
18 72
18 74
18 77
18 78
18 79
18 81
18 82
18 87
18 88
18 97
18 99
19 20
19 23
19 29
19 33
19 34
19 39
19 40
19 42
19 44
19 47
19 49
19 50
19 52
19 53
19 54
19 56
19 60
19 63
19 65
19 67
19 68
19 76
19 80
19 84
19 86
19 90
19 91
19 92
19 93
19 96
19 97
19 98
19 99
20 23
20 33
20 35
20 39
20 40
20 43
20 44
20 52
20 53
20 55
20 56
20 58
20 60
20 65
20 66
20 67
20 68
20 81
20 84
20 87
20 90
20 91
20 93
20 98
20 99
21 24
21 25
21 26
21 27
21 28
21 30
21 31
21 32
21 36
21 38
21 41
21 45
21 47
21 49
21 51
21 59
21 61
21 64
21 70
21 71
21 73
21 74
21 75
21 77
21 79
21 82
21 83
21 85
21 89
21 94
21 95
21 97
22 26
22 27
22 28
22 31
22 35
22 36
22 37
22 38
22 39
22 41
22 45
22 46
22 48
22 51
22 55
22 57
22 59
22 61
22 64
22 67
22 69
22 71
22 72
22 73
22 74
22 75
22 77
22 78
22 79
22 81
22 82
22 83
22 85
22 87
22 88
22 89
22 94
22 95
22 97
23 33
23 35
23 39
23 40
23 43
23 44
23 52
23 53
23 55
23 56
23 58
23 60
23 65
23 66
23 67
23 68
23 81
23 84
23 87
23 90
23 91
23 93
23 98
23 99
24 25
24 26
24 27
24 28
24 29
24 30
24 31
24 32
24 34
24 36
24 38
24 40
24 41
24 42
24 47
24 49
24 51
24 55
24 59
24 61
24 62
24 64
24 65
24 70
24 71
24 73
24 74
24 75
24 77
24 79
24 82
24 83
24 85
24 86
24 89
24 92
24 93
24 94
24 95
24 97
24 98
24 99
25 30
25 32
25 38
25 41
25 47
25 49
25 62
25 70
25 75
25 83
25 92
25 94
26 27
26 28
26 30
26 31
26 32
26 35
26 36
26 38
26 39
26 40
26 41
26 42
26 43
26 44
26 45
26 47
26 48
26 49
26 51
26 52
26 55
26 56
26 59
26 60
26 61
26 64
26 65
26 67
26 69
26 70
26 71
26 72
26 73
26 74
26 75
26 77
26 78
26 79
26 81
26 82
26 83
26 85
26 87
26 88
26 89
26 93
26 94
26 95
26 97
26 98
26 99
27 28
27 30
27 31
27 32
27 34
27 35
27 36
27 38
27 39
27 40
27 41
27 42
27 44
27 45
27 47
27 49
27 51
27 52
27 55
27 56
27 59
27 60
27 61
27 62
27 64
27 65
27 67
27 69
27 70
27 71
27 73
27 74
27 75
27 77
27 78
27 79
27 81
27 82
27 83
27 85
27 87
27 88
27 89
27 92
27 93
27 94
27 95
27 97
27 98
27 99
28 30
28 31
28 32
28 34
28 36
28 38
28 39
28 40
28 41
28 42
28 45
28 47
28 49
28 51
28 52
28 55
28 56
28 59
28 60
28 61
28 62
28 64
28 65
28 67
28 69
28 70
28 71
28 73
28 74
28 75
28 77
28 79
28 81
28 82
28 83
28 85
28 87
28 89
28 92
28 93
28 94
28 95
28 97
28 98
28 99
29 33
29 34
29 40
29 42
29 44
29 47
29 49
29 50
29 54
29 60
29 62
29 63
29 65
29 68
29 76
29 80
29 84
29 86
29 90
29 92
29 93
29 96
29 97
29 98
29 99
30 32
30 34
30 36
30 38
30 41
30 42
30 47
30 49
30 51
30 59
30 61
30 62
30 64
30 70
30 73
30 74
30 75
30 77
30 79
30 82
30 83
30 85
30 89
30 92
30 94
30 95
30 97
30 99
31 35
31 36
31 37
31 38
31 39
31 40
31 41
31 43
31 45
31 46
31 47
31 48
31 51
31 52
31 55
31 56
31 57
31 59
31 61
31 64
31 65
31 67
31 69
31 70
31 71
31 72
31 73
31 74
31 75
31 77
31 78
31 79
31 81
31 82
31 83
31 85
31 87
31 88
31 89
31 93
31 94
31 95
31 97
31 99
32 34
32 36
32 38
32 41
32 42
32 47
32 49
32 51
32 59
32 61
32 62
32 64
32 70
32 73
32 74
32 75
32 77
32 79
32 82
32 83
32 85
32 92
32 94
32 95
32 97
33 34
33 40
33 42
33 44
33 50
33 52
33 53
33 54
33 56
33 60
33 63
33 65
33 67
33 68
33 76
33 80
33 84
33 86
33 90
33 91
33 92
33 93
33 96
33 98
33 99
34 40
34 42
34 44
34 47
34 49
34 50
34 51
34 52
34 54
34 56
34 60
34 62
34 63
34 65
34 68
34 76
34 79
34 80
34 84
34 86
34 90
34 92
34 93
34 96
34 97
34 98
34 99
35 39
35 43
35 45
35 51
35 52
35 53
35 55
35 56
35 58
35 59
35 66
35 67
35 69
35 71
35 77
35 78
35 81
35 87
35 88
36 37
36 38
36 41
36 45
36 46
36 47
36 48
36 51
36 55
36 57
36 59
36 61
36 64
36 69
36 70
36 71
36 72
36 73
36 74
36 75
36 77
36 78
36 79
36 82
36 83
36 85
36 87
36 88
36 89
36 94
36 95
36 97
37 41
37 45
37 46
37 48
37 57
37 59
37 61
37 64
37 69
37 71
37 72
37 73
37 74
37 77
37 78
37 81
37 85
37 88
37 89
37 94
37 95
38 39
38 41
38 45
38 47
38 48
38 49
38 51
38 55
38 59
38 61
38 64
38 69
38 70
38 71
38 72
38 73
38 74
38 75
38 77
38 79
38 82
38 83
38 85
38 87
38 88
38 89
38 94
38 95
38 97
38 99
39 40
39 42
39 43
39 44
39 45
39 47
39 51
39 52
39 53
39 55
39 56
39 58
39 59
39 60
39 61
39 64
39 65
39 66
39 67
39 69
39 71
39 73
39 74
39 75
39 77
39 78
39 79
39 81
39 82
39 83
39 84
39 85
39 87
39 90
39 91
39 93
39 94
39 97
39 98
39 99
40 42
40 43
40 44
40 47
40 49
40 50
40 51
40 52
40 53
40 54
40 55
40 56
40 60
40 62
40 63
40 65
40 67
40 68
40 71
40 76
40 79
40 80
40 82
40 83
40 84
40 86
40 87
40 90
40 91
40 92
40 93
40 96
40 97
40 98
40 99
41 45
41 46
41 47
41 48
41 51
41 57
41 59
41 61
41 64
41 69
41 70
41 71
41 72
41 73
41 74
41 75
41 77
41 79
41 82
41 83
41 85
41 88
41 89
41 94
41 95
41 97
42 44
42 47
42 49
42 50
42 51
42 52
42 54
42 55
42 56
42 60
42 62
42 63
42 65
42 67
42 68
42 75
42 76
42 79
42 80
42 82
42 83
42 84
42 86
42 87
42 90
42 92
42 93
42 96
42 97
42 98
42 99
43 44
43 51
43 52
43 53
43 55
43 56
43 58
43 60
43 65
43 66
43 67
43 71
43 81
43 84
43 87
43 90
43 91
43 93
43 99
44 47
44 50
44 51
44 52
44 53
44 54
44 55
44 56
44 60
44 63
44 65
44 67
44 68
44 76
44 79
44 80
44 84
44 86
44 87
44 90
44 91
44 92
44 93
44 96
44 97
44 98
44 99
45 46
45 48
45 51
45 55
45 57
45 59
45 61
45 64
45 67
45 69
45 70
45 71
45 72
45 73
45 74
45 75
45 77
45 78
45 79
45 81
45 82
45 83
45 85
45 87
45 88
45 89
45 94
45 95
45 97
45 99
46 48
46 57
46 59
46 61
46 64
46 69
46 71
46 72
46 73
46 74
46 77
46 78
46 81
46 85
46 88
46 89
46 95
47 49
47 51
47 52
47 55
47 56
47 59
47 60
47 61
47 62
47 64
47 65
47 67
47 70
47 71
47 73
47 74
47 75
47 77
47 79
47 80
47 82
47 83
47 85
47 86
47 87
47 92
47 93
47 94
47 95
47 96
47 97
47 98
47 99
48 57
48 59
48 61
48 64
48 69
48 70
48 71
48 72
48 73
48 74
48 77
48 78
48 81
48 82
48 85
48 88
48 89
48 94
48 95
49 51
49 54
49 59
49 62
49 63
49 65
49 70
49 75
49 76
49 79
49 80
49 82
49 83
49 86
49 92
49 93
49 96
49 97
49 98
49 99
50 52
50 54
50 56
50 60
50 62
50 63
50 65
50 68
50 76
50 80
50 84
50 86
50 90
50 91
50 92
50 93
50 96
50 98
50 99
51 52
51 55
51 56
51 59
51 60
51 61
51 62
51 64
51 65
51 67
51 69
51 70
51 71
51 73
51 74
51 75
51 77
51 79
51 81
51 82
51 83
51 84
51 85
51 87
51 89
51 90
51 92
51 93
51 94
51 95
51 97
51 98
51 99
52 53
52 55
52 56
52 58
52 60
52 65
52 66
52 67
52 68
52 71
52 79
52 80
52 81
52 82
52 84
52 87
52 90
52 91
52 93
52 97
52 98
52 99
53 55
53 56
53 58
53 60
53 65
53 66
53 67
53 68
53 81
53 84
53 87
53 90
53 91
53 93
53 98
53 99
54 56
54 60
54 62
54 63
54 65
54 68
54 76
54 80
54 84
54 86
54 90
54 91
54 92
54 93
54 96
54 98
54 99
55 56
55 58
55 59
55 60
55 61
55 64
55 65
55 67
55 69
55 71
55 72
55 73
55 74
55 75
55 77
55 78
55 79
55 81
55 82
55 83
55 84
55 85
55 87
55 88
55 89
55 90
55 91
55 93
55 94
55 95
55 97
55 98
55 99
56 58
56 60
56 63
56 65
56 66
56 67
56 68
56 71
56 76
56 79
56 80
56 81
56 82
56 84
56 86
56 87
56 90
56 91
56 93
56 96
56 97
56 98
56 99
57 59
57 61
57 64
57 69
57 71
57 72
57 73
57 74
57 77
57 78
57 81
57 85
57 88
57 89
57 94
57 95
58 60
58 66
58 67
58 81
58 87
58 91
59 61
59 64
59 65
59 67
59 69
59 70
59 71
59 72
59 73
59 74
59 75
59 77
59 78
59 79
59 81
59 82
59 83
59 85
59 87
59 88
59 89
59 93
59 94
59 95
59 97
59 99
60 63
60 65
60 66
60 67
60 68
60 76
60 79
60 80
60 81
60 84
60 86
60 87
60 90
60 91
60 93
60 96
60 97
60 98
60 99
61 64
61 69
61 70
61 71
61 72
61 73
61 74
61 75
61 77
61 78
61 79
61 81
61 82
61 83
61 85
61 87
61 88
61 89
61 94
61 95
61 97
61 99
62 63
62 65
62 75
62 76
62 79
62 80
62 83
62 86
62 92
62 93
62 96
62 97
62 98
62 99
63 65
63 68
63 76
63 80
63 84
63 86
63 90
63 91
63 92
63 93
63 96
63 98
63 99
64 69
64 70
64 71
64 72
64 73
64 74
64 75
64 77
64 78
64 79
64 82
64 83
64 85
64 87
64 88
64 89
64 94
64 95
64 97
65 67
65 68
65 71
65 75
65 76
65 77
65 79
65 80
65 81
65 82
65 83
65 84
65 86
65 87
65 90
65 91
65 92
65 93
65 96
65 97
65 98
65 99
66 67
66 81
66 84
66 87
66 91
67 71
67 74
67 77
67 79
67 81
67 82
67 84
67 87
67 90
67 91
67 93
67 97
67 98
67 99
68 76
68 80
68 84
68 86
68 90
68 91
68 92
68 93
68 96
68 98
68 99
69 70
69 71
69 72
69 73
69 74
69 75
69 77
69 78
69 79
69 81
69 82
69 83
69 85
69 87
69 88
69 89
69 94
69 95
70 71
70 73
70 74
70 75
70 77
70 79
70 82
70 83
70 85
70 89
70 94
70 95
70 97
71 72
71 73
71 74
71 75
71 77
71 78
71 79
71 81
71 82
71 83
71 85
71 87
71 88
71 89
71 93
71 94
71 95
71 97
71 99
72 73
72 74
72 77
72 78
72 81
72 82
72 85
72 88
72 89
72 94
72 95
73 74
73 75
73 77
73 78
73 79
73 82
73 83
73 85
73 87
73 88
73 89
73 94
73 95
73 97
74 75
74 77
74 78
74 79
74 81
74 82
74 83
74 85
74 87
74 88
74 89
74 94
74 95
74 97
74 99
75 77
75 79
75 82
75 83
75 85
75 87
75 89
75 92
75 93
75 94
75 95
75 97
75 99
76 80
76 84
76 86
76 90
76 91
76 92
76 93
76 96
76 98
76 99
77 78
77 79
77 81
77 82
77 83
77 85
77 87
77 88
77 89
77 93
77 94
77 95
77 97
77 99
78 81
78 82
78 85
78 87
78 88
78 89
78 94
78 95
79 81
79 82
79 83
79 85
79 87
79 89
79 90
79 92
79 93
79 94
79 95
79 97
79 98
79 99
80 84
80 86
80 90
80 91
80 92
80 93
80 96
80 97
80 98
80 99
81 82
81 85
81 87
81 88
81 93
81 97
81 99
82 83
82 85
82 87
82 88
82 89
82 93
82 94
82 95
82 97
82 98
82 99
83 85
83 87
83 89
83 92
83 93
83 94
83 95
83 97
83 99
84 86
84 87
84 90
84 91
84 93
84 96
84 97
84 98
84 99
85 87
85 88
85 89
85 94
85 95
85 97
86 90
86 92
86 93
86 96
86 97
86 98
86 99
87 88
87 90
87 91
87 93
87 94
87 97
87 98
87 99
88 89
88 94
88 95
89 94
89 95
89 97
90 91
90 92
90 93
90 96
90 97
90 98
90 99
91 93
91 96
91 98
91 99
92 93
92 96
92 97
92 98
92 99
93 96
93 97
93 98
93 99
94 95
94 97
94 99
95 97
96 98
96 99
97 98
97 99
98 99
