0 517
0 70
0 799
0 457
0 108
1 117
1 975
1 770
1 732
1 72
1 596
1 300
1 906
1 963
2 175
2 570
2 680
2 955
2 209
2 439
2 969
2 471
2 184
2 171
2 371
2 183
2 113
2 852
2 21
2 460
2 598
2 971
2 814
2 634
2 450
2 802
2 663
2 684
2 255
2 768
2 692
2 851
3 330
3 679
3 47
3 601
3 161
3 79
3 339
3 449
3 514
3 762
3 391
3 60
3 109
3 250
4 67
4 984
4 307
4 168
4 710
4 159
4 121
4 384
5 272
5 277
5 555
5 543
5 416
5 299
5 956
5 957
5 135
5 596
5 452
6 51
6 588
6 52
6 360
6 760
6 249
6 524
6 82
6 325
6 865
6 859
6 853
7 632
7 325
7 414
7 440
7 46
7 964
8 71
8 358
8 775
8 44
8 246
8 457
8 544
8 36
8 121
8 851
9 600
9 913
9 846
9 764
9 536
9 616
9 21
9 544
9 881
10 308
10 367
10 570
10 821
10 307
10 544
10 744
11 526
11 368
11 338
11 424
11 31
11 447
11 42
11 448
11 840
11 459
12 515
12 675
12 673
12 403
12 938
12 357
12 18
12 626
12 38
12 747
12 570
13 640
13 626
13 514
13 309
13 465
13 746
13 18
13 542
13 588
13 676
13 724
13 344
14 478
14 321
14 833
14 471
14 184
15 568
15 773
15 369
15 179
15 103
15 452
15 264
15 692
15 994
15 947
15 639
15 318
15 646
15 417
15 493
15 121
15 450
15 820
15 543
15 812
15 303
15 683
15 907
15 406
15 508
15 262
15 533
15 118
15 680
15 167
15 395
15 71
15 954
15 851
15 69
16 310
16 890
16 363
16 590
16 562
16 32
16 803
16 166
16 503
16 548
16 559
16 576
16 82
16 777
16 804
16 498
17 641
17 576
17 149
17 348
17 676
17 574
17 714
17 791
17 795
17 223
17 544
17 412
17 114
17 853
17 460
18 642
18 603
18 364
18 907
18 971
18 305
18 155
18 542
18 588
18 98
18 21
18 858
19 901
19 311
19 594
19 601
19 836
19 559
19 82
19 523
19 71
19 780
19 937
19 501
19 121
19 50
20 515
20 80
20 192
20 932
20 646
20 331
21 616
21 764
21 359
21 265
21 418
21 903
21 990
21 763
21 450
21 331
21 393
21 455
21 889
21 545
21 191
21 768
21 930
21 777
21 796
21 571
21 286
21 39
21 951
21 823
21 786
21 709
21 395
21 50
21 487
21 578
21 256
21 724
21 293
21 361
21 471
21 937
21 809
21 170
21 754
21 199
21 497
21 874
21 507
21 717
21 263
21 273
21 396
21 730
21 638
21 981
21 539
21 321
21 544
21 881
21 495
21 676
22 837
22 341
22 641
22 997
22 417
22 505
22 634
22 327
22 578
22 660
22 824
22 933
22 937
22 929
22 347
23 42
23 140
23 585
23 211
23 601
23 443
23 345
23 392
23 838
23 932
23 155
23 533
23 250
24 541
24 553
24 638
24 857
24 451
24 808
24 307
24 824
25 525
25 237
25 631
25 848
25 838
25 544
25 360
25 498
26 92
26 345
26 281
26 187
26 85
26 941
26 937
26 216
27 534
27 294
27 267
27 516
27 544
27 679
27 567
27 307
27 838
27 932
27 147
28 632
28 989
28 370
28 764
28 151
28 930
28 74
28 94
28 538
29 534
29 111
29 310
29 78
29 891
29 856
29 669
29 488
29 239
30 923
30 519
30 668
30 448
30 556
30 137
30 427
30 162
30 458
30 439
30 661
30 795
30 349
30 362
30 35
30 379
30 937
31 706
31 524
31 572
31 310
31 112
31 463
31 491
31 33
31 650
31 180
31 776
31 276
31 307
31 921
31 804
32 312
32 354
32 490
32 544
32 353
32 927
32 932
32 73
33 67
33 277
33 745
33 752
33 416
33 513
33 686
33 349
33 193
33 144
33 769
33 328
33 740
33 211
33 980
33 872
33 218
33 899
33 961
33 969
33 981
33 676
34 555
34 95
34 34
34 245
34 476
34 423
34 96
34 135
34 90
34 881
35 38
35 475
35 497
35 233
35 641
35 876
35 568
35 276
35 447
35 851
36 489
36 544
36 254
36 221
37 67
37 526
37 41
37 829
37 310
37 537
37 40
37 892
37 188
37 377
37 293
37 327
37 519
37 472
37 372
37 470
37 495
38 689
38 657
38 611
38 696
38 574
38 695
38 904
38 684
38 804
39 534
39 416
39 355
39 281
39 700
39 304
39 838
39 854
39 239
40 176
40 146
40 538
40 376
40 115
41 515
41 148
41 409
41 375
41 79
41 82
41 561
41 621
41 680
41 719
41 964
41 822
42 901
42 574
42 310
42 51
42 323
42 761
42 434
42 677
42 57
42 82
42 113
42 541
42 935
42 261
42 999
43 259
43 830
43 487
43 324
43 544
43 816
44 966
44 544
44 335
44 502
44 225
44 866
44 883
44 932
44 495
45 660
45 688
45 468
45 184
45 516
45 187
45 299
45 59
45 523
45 140
45 422
46 886
46 657
46 407
46 168
46 844
46 441
46 72
47 184
47 674
47 978
47 240
48 835
48 466
48 804
48 97
48 800
48 125
48 116
49 981
49 489
49 977
49 738
49 556
49 563
49 91
49 121
50 211
50 661
50 544
50 906
50 518
50 615
50 993
50 930
50 988
50 250
51 528
51 543
51 641
51 116
51 143
51 82
51 480
51 544
51 883
51 979
52 555
52 523
52 295
52 696
52 342
52 122
52 161
52 752
52 768
52 804
53 551
53 92
53 314
53 904
53 355
53 544
53 549
53 173
53 704
53 851
53 227
54 632
54 77
54 559
54 200
54 364
54 820
54 82
54 607
54 277
54 425
54 183
54 307
54 804
54 858
55 620
55 807
55 959
55 544
55 779
55 782
55 369
56 814
56 932
56 518
56 250
56 93
56 976
56 815
56 184
56 497
57 871
57 201
57 766
57 530
57 607
57 106
58 298
58 808
58 817
58 544
58 286
58 503
58 630
59 534
59 620
59 942
59 781
59 698
59 664
59 810
59 675
59 611
59 263
59 447
59 851
59 106
60 814
60 459
60 862
60 208
60 889
60 550
61 529
61 688
61 298
61 556
61 678
61 185
61 131
61 71
61 654
61 199
61 430
61 544
62 917
62 307
62 333
62 438
62 905
62 589
62 207
63 824
63 470
63 676
63 563
63 440
63 900
64 472
64 263
64 375
64 83
64 766
64 628
64 944
64 423
64 145
65 621
65 666
65 591
65 832
65 956
65 653
65 149
65 851
66 915
66 872
66 479
66 364
66 235
66 532
66 511
66 127
66 824
66 794
66 721
67 890
67 277
67 93
67 449
67 350
67 67
67 95
67 432
67 775
67 571
67 394
67 713
67 965
67 856
67 854
67 111
67 373
67 632
67 634
67 293
67 605
67 969
68 160
68 197
68 243
68 954
68 694
68 180
68 841
68 846
68 351
69 392
69 208
69 127
69 728
69 253
69 115
70 279
70 425
70 878
70 181
70 707
70 212
70 575
70 682
70 197
70 387
70 716
71 314
71 886
71 696
71 587
71 517
71 649
71 322
71 863
71 142
71 851
71 452
72 569
72 558
72 441
72 574
73 767
73 404
73 372
73 391
73 518
73 226
73 706
73 220
73 953
73 129
73 629
73 115
74 154
74 411
74 546
74 178
74 251
74 205
74 234
74 478
74 220
74 282
74 964
74 516
74 779
74 854
74 216
75 795
75 827
75 319
75 230
75 663
75 97
75 241
75 500
75 767
75 214
75 375
75 428
75 589
75 106
76 650
76 387
76 544
76 495
76 999
76 946
76 986
76 866
76 206
76 221
76 851
77 526
77 528
77 579
77 180
77 432
77 429
77 880
78 767
78 271
78 86
78 756
78 104
78 965
78 784
78 956
78 121
78 676
79 862
79 868
79 349
79 95
79 117
79 695
79 743
79 832
79 811
80 217
80 219
80 977
80 936
80 161
80 878
80 263
80 565
81 572
81 544
81 921
81 670
81 935
81 881
81 433
82 574
82 579
82 526
82 140
82 354
82 632
82 800
82 543
82 548
82 432
82 449
82 113
82 330
82 96
82 890
82 269
82 619
82 719
82 884
82 731
82 547
82 639
82 971
82 285
82 628
82 912
82 455
82 961
82 910
82 609
82 585
82 151
82 434
82 364
82 453
82 248
82 373
83 338
83 424
83 954
83 520
83 824
83 407
83 961
83 544
84 731
84 136
84 781
84 117
84 897
84 820
84 617
84 681
84 112
84 297
84 473
84 767
84 859
84 487
84 978
84 544
85 644
85 197
85 205
85 911
85 995
85 866
85 464
85 979
85 336
85 900
86 679
86 587
86 904
86 746
86 481
86 773
86 844
87 642
87 673
87 761
87 432
87 776
87 620
87 391
87 766
87 265
87 306
87 881
87 116
87 708
88 211
88 593
88 193
88 183
88 544
88 956
89 524
89 595
89 735
89 397
89 289
89 860
89 578
89 791
89 851
90 596
90 609
90 560
90 198
90 94
90 440
90 502
90 621
90 943
90 476
91 626
91 529
91 211
91 239
91 921
91 111
91 259
91 838
91 105
92 536
92 731
92 284
92 414
92 376
92 233
92 618
92 239
93 528
93 960
93 336
93 103
93 339
93 159
93 379
93 995
93 939
93 357
93 389
93 443
94 742
94 117
94 445
94 490
94 935
94 480
94 867
94 395
94 249
94 890
94 244
94 911
94 920
94 562
94 758
94 763
94 403
94 298
94 876
94 805
94 993
94 527
94 866
95 871
95 339
95 847
95 368
95 432
95 632
95 272
95 156
95 230
95 225
95 937
95 266
95 371
95 801
95 177
95 957
95 917
95 621
95 202
95 337
95 340
95 501
96 855
96 140
96 571
96 811
96 615
96 607
96 135
96 890
96 432
96 534
96 841
96 213
96 782
96 103
96 214
96 143
97 263
97 221
97 520
97 719
97 239
98 800
98 141
98 542
98 603
98 659
98 560
98 351
98 764
98 638
98 154
98 935
98 680
98 438
98 194
98 744
98 405
99 874
99 808
99 823
99 760
99 932
99 916
99 177
100 596
100 519
100 714
100 232
100 187
100 435
100 254
100 345
100 630
100 121
100 442
101 537
101 586
101 424
101 448
101 826
101 444
101 804
101 888
101 207
102 159
102 436
102 589
102 388
102 378
103 327
103 502
103 276
103 544
103 933
103 165
103 851
103 499
104 887
104 193
104 554
104 631
104 147
104 621
104 130
104 805
104 387
104 981
104 804
104 833
104 900
104 250
105 135
105 276
105 383
105 474
105 162
105 366
105 716
105 267
105 506
105 562
105 752
106 958
106 987
106 214
106 804
106 562
106 509
106 878
106 860
106 978
106 814
106 800
106 239
107 824
107 678
107 940
107 318
107 863
107 199
107 701
107 575
107 900
108 720
108 233
108 544
108 246
108 317
108 606
108 774
108 501
109 762
109 589
109 132
109 552
109 546
109 187
109 481
109 773
109 388
109 295
109 659
109 336
110 650
110 725
110 621
110 786
110 534
110 900
110 492
111 123
111 950
111 283
111 674
111 129
111 762
111 795
111 761
111 823
112 351
112 449
112 127
112 651
112 267
112 444
112 484
112 832
112 499
113 330
113 908
113 176
113 664
113 432
113 222
113 439
114 544
114 785
114 342
114 259
114 134
114 676
115 339
115 182
115 279
115 955
115 544
115 646
115 143
115 137
115 643
115 934
115 899
115 575
115 131
115 478
115 338
115 882
115 784
115 614
115 725
115 303
115 523
115 489
115 931
115 994
115 637
115 498
115 698
115 432
115 239
116 291
116 495
116 613
116 952
116 405
116 488
116 849
116 932
116 783
116 676
117 661
117 635
117 408
117 193
117 734
117 881
118 574
118 432
118 583
118 616
118 353
118 750
118 249
118 891
118 516
118 544
118 881
118 756
118 443
119 193
119 441
119 365
119 921
119 939
119 388
119 147
119 149
120 544
120 465
120 646
120 589
120 786
120 276
121 444
121 939
121 940
121 499
121 264
121 149
121 678
121 717
121 900
121 498
121 629
121 801
121 456
121 646
121 157
121 402
121 318
121 492
121 738
121 869
121 256
121 173
121 947
121 301
121 434
121 451
121 147
121 376
121 343
121 353
121 341
121 135
121 933
121 213
121 564
121 307
121 316
121 779
121 727
121 729
121 261
121 645
121 478
121 362
121 562
121 793
121 231
121 826
121 913
121 482
121 367
121 812
121 395
121 983
121 465
121 420
121 917
121 286
121 964
121 676
122 141
122 659
122 588
122 626
122 622
122 339
122 134
122 573
123 513
123 523
123 387
123 162
123 812
123 243
123 808
123 881
124 312
124 354
124 132
124 138
124 426
124 277
124 308
124 887
124 432
125 199
125 126
125 946
125 576
125 499
125 387
125 253
125 155
126 645
126 950
126 810
126 894
126 684
126 276
126 307
126 711
126 400
127 500
127 520
127 159
127 937
127 611
127 391
128 596
128 912
128 679
128 322
128 276
128 610
128 991
128 214
129 576
129 437
129 921
129 540
129 224
129 964
129 489
129 872
129 470
129 851
130 890
130 593
130 753
130 677
130 766
130 416
130 932
130 387
130 937
130 170
131 548
131 795
131 780
131 438
131 471
132 537
132 556
132 200
132 914
132 233
132 826
132 544
132 851
133 358
133 138
133 531
133 712
133 560
133 307
133 824
133 239
134 617
134 657
134 370
134 772
134 978
134 973
134 765
134 969
134 292
134 291
134 378
134 822
134 649
134 851
135 579
135 308
135 901
135 576
135 829
135 140
135 555
135 515
135 548
135 310
135 617
135 277
135 800
135 266
135 780
135 154
135 811
135 374
135 872
135 582
135 264
135 352
135 735
135 512
135 164
135 977
135 529
135 789
135 496
135 599
135 443
136 278
136 322
136 173
136 341
136 180
136 424
137 570
137 544
137 674
137 979
138 984
138 836
138 852
138 276
138 307
138 932
139 856
139 345
139 222
139 387
139 979
139 369
140 634
140 329
140 338
140 901
140 528
140 230
140 719
140 646
140 358
140 462
140 477
140 824
140 517
140 935
140 793
140 838
140 900
141 588
141 719
141 991
141 163
141 626
141 523
141 570
141 964
141 838
142 795
142 544
142 629
142 610
142 898
143 556
143 866
144 349
144 999
144 627
144 242
144 407
144 757
144 413
144 935
144 308
144 795
144 905
144 440
144 544
144 819
144 676
145 661
145 404
145 937
145 838
145 287
145 521
145 573
145 933
145 175
145 618
145 861
145 422
145 449
145 812
145 383
145 207
146 583
146 671
146 457
146 580
147 437
147 495
147 926
147 918
147 352
147 579
147 676
147 851
148 551
148 886
148 566
148 269
148 427
148 478
148 792
148 716
148 637
148 839
149 768
149 784
149 401
149 900
150 682
150 362
150 441
150 846
150 789
150 900
151 588
151 734
151 364
151 422
151 491
151 653
151 676
151 206
151 804
151 851
151 442
152 517
152 592
152 727
152 813
152 760
152 935
152 468
152 937
153 528
153 327
153 821
153 710
153 173
153 883
153 769
153 233
153 824
153 997
153 214
153 864
153 492
154 586
154 593
154 248
154 878
154 437
154 255
154 544
154 738
154 844
155 927
155 926
155 881
155 254
155 284
155 295
155 851
156 695
156 501
156 842
156 518
156 509
156 670
156 893
156 976
156 436
156 180
156 927
156 190
156 239
157 534
157 868
157 175
157 705
157 592
157 190
157 804
157 851
157 880
158 945
158 836
158 478
158 395
158 542
158 505
158 412
158 538
158 811
158 900
158 518
159 234
159 349
159 962
159 472
159 662
159 955
159 210
159 398
159 788
159 663
159 227
159 780
159 544
159 690
159 851
160 449
160 535
160 650
160 660
160 771
160 472
160 265
160 301
161 370
161 392
161 595
161 451
161 699
161 934
161 748
161 816
161 189
161 791
161 935
161 418
161 495
162 392
162 444
162 442
163 887
163 745
163 263
163 532
163 281
163 352
163 709
164 517
164 280
164 824
164 929
164 250
165 582
165 695
165 694
165 912
165 656
165 615
165 410
165 350
165 804
166 726
166 209
166 484
166 544
166 393
166 287
166 400
167 599
167 900
167 996
167 609
167 217
168 503
168 362
168 904
168 307
168 929
168 980
168 521
169 610
169 459
169 532
169 697
169 192
169 570
169 446
169 832
169 932
170 523
170 736
170 835
170 362
170 505
170 174
170 281
170 356
170 753
170 196
170 551
170 760
170 805
170 772
171 921
171 608
171 951
171 179
171 340
171 506
171 804
172 795
172 725
172 954
172 767
172 737
172 861
172 539
172 472
172 727
172 937
172 446
172 464
172 214
172 756
173 358
173 851
174 534
174 305
174 970
174 831
174 456
174 754
174 688
174 441
175 425
175 967
175 507
175 978
175 841
175 362
175 248
175 402
175 472
175 793
175 696
175 307
175 933
175 676
175 693
176 580
176 632
176 349
176 963
176 937
176 793
176 900
176 216
177 515
177 567
177 705
177 827
177 236
177 979
177 653
178 621
178 821
178 381
178 540
179 659
179 877
179 826
180 570
180 423
180 375
180 746
180 866
180 851
181 513
181 645
181 254
181 637
181 848
181 618
181 205
181 989
181 653
182 568
182 583
182 593
182 553
182 488
182 974
182 856
182 544
182 302
183 612
183 992
183 482
183 633
183 826
183 851
183 853
183 936
184 523
184 553
184 746
184 290
184 926
184 623
184 238
184 419
184 764
184 261
184 993
185 582
185 726
185 976
185 211
185 390
185 917
185 824
185 387
186 541
186 544
186 622
186 699
186 517
186 284
186 567
186 987
186 238
186 900
187 651
187 964
187 489
187 506
188 874
188 621
188 426
188 351
188 307
188 956
188 704
188 373
189 432
189 684
189 223
189 970
189 842
189 883
189 356
190 432
190 856
190 962
190 544
190 677
191 752
191 954
191 307
191 978
191 544
191 946
191 881
191 631
191 816
192 612
192 619
192 672
192 421
192 771
192 647
192 939
192 256
193 834
193 349
193 775
193 307
193 715
193 896
194 231
194 824
194 544
194 518
194 716
194 741
194 881
194 851
195 238
195 836
195 387
195 253
195 854
195 495
195 502
195 658
196 621
196 624
196 342
196 560
196 524
196 691
196 442
197 517
197 234
197 349
197 262
197 271
197 798
197 373
198 581
198 367
198 209
198 236
198 864
199 517
199 914
199 912
199 918
199 538
199 927
199 424
199 872
199 937
199 995
199 881
199 239
200 523
200 537
200 620
200 245
200 827
200 851
200 442
201 524
201 836
201 728
201 371
201 383
201 795
201 223
201 777
201 676
202 482
202 431
202 400
202 330
202 333
202 384
202 207
202 239
203 650
203 621
203 921
203 987
203 693
203 582
203 515
203 900
204 558
204 619
204 712
204 670
204 544
204 420
204 664
204 333
204 880
205 513
205 787
205 208
205 824
205 873
206 983
206 938
206 728
206 276
206 457
207 550
207 530
207 357
207 893
207 513
208 580
208 395
208 415
208 255
208 921
208 763
208 881
208 353
209 968
209 808
209 465
209 387
209 489
209 412
210 971
210 992
210 252
210 368
210 257
210 722
210 982
210 447
210 866
210 851
210 239
211 585
211 211
211 274
211 787
211 569
211 525
211 700
211 236
211 932
211 851
212 619
212 812
212 392
212 793
213 520
213 544
213 418
213 476
213 513
213 367
213 866
213 881
213 653
214 656
214 237
214 324
214 264
214 336
214 366
214 622
214 456
214 913
214 981
214 286
214 453
214 900
214 589
215 579
215 432
215 818
215 676
215 792
215 541
215 445
216 989
216 997
217 893
217 392
217 810
217 310
217 828
217 362
217 994
217 499
218 630
218 881
218 816
218 900
219 329
219 962
219 259
219 711
219 244
219 765
219 795
219 223
219 233
219 776
219 307
219 570
219 464
220 701
220 294
220 992
220 502
220 849
220 293
220 812
220 639
220 233
220 937
220 306
221 432
221 333
221 622
221 892
221 278
221 491
221 358
221 738
221 804
221 851
221 442
222 529
222 877
222 372
222 504
222 799
222 666
222 544
222 577
223 368
223 568
223 621
223 907
223 290
223 307
223 750
223 266
223 660
223 491
223 418
223 442
223 851
224 581
224 361
224 424
224 699
224 833
224 477
224 908
224 622
225 727
225 544
225 731
225 281
225 442
225 468
225 824
225 613
225 629
225 346
226 867
226 275
226 290
226 544
226 599
226 485
226 773
226 528
226 239
227 233
227 544
227 474
227 239
228 525
228 733
228 709
228 797
228 828
228 876
228 630
228 944
229 607
229 534
229 776
229 966
229 544
229 315
230 559
230 662
230 473
230 759
231 890
231 642
231 503
231 603
231 884
231 808
231 909
231 441
231 595
231 472
231 805
232 368
232 619
232 742
232 975
232 544
233 619
233 296
233 387
233 399
233 656
233 355
233 999
233 764
233 770
233 723
233 582
233 665
233 419
233 450
233 443
233 824
233 459
234 611
234 279
234 278
234 295
234 406
234 695
234 996
234 575
234 615
234 920
234 451
234 450
234 304
234 478
234 252
234 780
234 544
234 793
234 851
235 625
235 710
235 266
235 429
236 354
236 712
236 362
236 252
236 505
236 544
236 881
236 629
236 653
237 752
237 440
237 479
237 604
237 765
237 954
238 441
238 490
238 921
238 718
238 743
238 812
238 883
239 642
239 995
239 442
239 283
239 530
239 573
239 575
239 727
239 506
239 969
239 632
239 331
239 359
239 372
239 250
240 361
240 512
240 823
240 464
240 600
240 621
240 944
240 325
240 319
240 905
240 757
240 442
241 629
241 754
241 914
241 642
241 464
242 534
242 537
242 802
242 803
242 483
242 764
242 544
243 595
243 367
243 800
243 690
243 886
243 938
244 441
244 305
244 387
244 544
244 690
244 851
245 962
245 934
245 365
245 678
245 544
246 614
246 544
246 559
246 386
246 932
246 495
246 501
247 725
247 830
247 710
247 544
247 715
247 881
247 373
248 551
248 696
248 282
248 891
248 909
248 992
248 313
248 382
248 939
248 693
249 535
249 808
249 956
249 292
250 668
250 908
250 917
250 255
250 544
250 804
250 851
250 554
250 845
250 392
250 872
250 358
250 782
250 431
250 914
250 528
250 624
251 926
251 544
251 423
251 817
251 850
251 851
251 864
251 916
252 572
252 912
252 621
252 932
252 489
252 777
252 866
252 881
252 851
253 902
253 599
253 263
253 319
253 881
253 676
254 619
254 656
254 403
254 629
254 544
254 881
254 851
255 762
255 621
255 408
255 698
255 881
255 864
256 301
256 546
256 930
256 851
257 544
257 807
257 564
257 638
257 883
257 301
257 486
258 634
258 610
258 307
258 999
258 676
258 964
258 679
258 784
258 804
258 384
259 600
259 349
259 697
259 335
259 279
259 795
259 904
259 304
259 851
260 945
260 621
260 630
260 359
260 871
260 280
260 824
260 544
260 713
261 588
261 624
261 764
261 830
261 822
261 757
261 367
262 497
262 618
262 801
262 269
262 937
262 844
263 611
263 828
263 750
263 870
263 570
263 751
263 608
263 780
263 937
263 964
263 676
263 451
264 272
264 535
264 320
264 866
264 452
265 874
265 972
265 544
265 936
266 719
266 709
266 344
266 511
266 289
266 489
266 811
267 291
267 418
267 531
267 276
267 438
267 444
267 997
267 685
268 795
268 544
268 643
268 699
268 886
268 881
269 829
269 307
269 387
269 430
269 544
269 838
269 956
270 279
270 959
270 777
270 368
270 300
270 715
271 914
271 328
271 426
271 442
272 579
272 316
272 733
272 279
272 886
273 341
273 911
273 676
273 738
273 851
274 855
274 537
274 620
274 734
274 752
274 415
274 971
274 777
274 342
275 846
275 740
275 687
275 888
275 824
276 970
276 928
276 276
276 942
276 694
276 838
276 445
276 307
276 387
276 988
277 327
277 378
277 992
277 758
277 940
277 307
278 541
278 665
278 847
278 489
278 577
278 881
279 596
279 848
279 853
279 830
279 857
280 632
280 742
280 621
280 850
280 865
281 890
281 542
281 468
281 808
281 316
281 783
281 854
281 676
281 990
281 871
281 494
281 634
281 682
281 791
282 662
282 780
282 309
282 307
282 826
282 937
282 481
282 491
282 851
282 423
282 452
283 655
283 712
283 770
283 442
283 518
284 449
284 524
284 654
284 655
284 448
285 600
285 616
285 777
285 741
285 387
285 439
285 505
285 565
285 796
285 518
286 960
286 544
286 432
286 353
287 414
287 544
287 785
287 813
287 793
288 621
288 625
288 780
288 861
288 900
288 939
288 672
288 866
288 676
288 336
289 650
289 856
289 886
289 910
289 484
289 544
289 700
289 851
290 642
290 962
290 592
290 330
290 524
290 544
290 464
291 419
291 352
291 311
291 307
291 840
292 745
292 458
292 721
293 354
293 590
293 679
293 509
293 816
293 949
293 820
293 832
293 830
293 370
293 316
293 676
294 600
294 650
294 487
294 827
294 988
294 719
294 874
294 935
294 495
295 352
295 629
295 656
295 775
295 662
295 447
295 544
296 537
296 563
296 376
296 638
296 323
296 824
296 391
296 708
297 588
297 700
297 545
297 826
297 975
297 851
297 347
298 671
298 853
298 606
298 379
298 921
298 444
298 960
298 944
299 528
299 614
299 979
299 360
299 340
299 933
300 365
300 544
300 359
300 519
300 910
300 881
300 421
301 705
301 463
301 738
301 942
301 923
301 603
301 357
302 734
302 747
302 990
302 804
302 585
302 574
302 780
302 851
303 338
303 519
303 507
303 512
303 544
303 881
304 544
304 786
304 849
304 720
304 953
304 840
304 875
304 816
305 970
305 986
305 980
306 526
306 634
306 550
306 444
306 741
306 340
306 867
306 495
307 687
307 753
307 358
307 755
307 408
307 375
307 610
307 333
307 439
307 316
307 958
307 656
307 808
307 388
307 861
307 505
307 627
307 926
307 799
307 625
307 907
307 365
307 720
307 758
307 940
307 923
307 953
307 697
307 899
307 794
307 405
307 397
307 635
307 773
307 650
307 359
307 566
307 362
307 822
307 909
307 343
307 425
307 519
307 645
307 675
307 824
307 841
307 527
307 544
307 881
308 327
308 363
308 556
308 411
308 596
308 777
308 323
309 738
309 970
309 515
309 851
310 737
310 836
310 578
310 432
310 752
310 333
310 866
310 357
311 350
311 632
311 706
311 736
311 728
311 710
311 778
311 808
311 826
312 800
312 525
312 344
312 682
312 448
312 832
313 543
313 660
313 621
313 544
313 890
313 573
313 811
313 851
314 968
314 496
314 570
314 349
314 512
315 808
315 921
315 544
315 653
315 804
315 442
316 786
316 381
317 695
317 780
317 808
317 538
317 881
318 446
318 319
318 357
319 964
319 544
319 538
319 713
319 830
319 843
319 372
319 391
319 348
319 464
320 650
320 827
320 551
320 783
320 916
320 370
320 570
320 599
320 744
320 806
320 932
321 377
321 945
321 621
321 891
321 666
321 671
321 351
321 783
321 495
322 331
322 600
322 981
322 943
323 544
323 350
323 866
323 711
324 449
324 567
324 695
324 772
324 459
324 425
324 334
324 639
324 937
324 981
324 544
324 715
324 905
324 906
325 661
325 561
325 556
325 478
325 847
325 765
325 465
326 675
326 644
326 734
326 875
326 990
327 368
327 576
327 357
327 921
327 636
327 461
327 847
327 564
327 861
327 544
328 437
328 937
328 512
328 794
328 498
329 329
329 885
329 567
329 887
329 891
329 819
330 607
330 606
330 603
330 349
330 410
330 999
330 691
330 460
331 650
331 377
331 441
331 989
331 826
331 544
331 638
331 743
331 340
331 881
331 499
332 563
332 631
332 706
332 774
332 519
333 826
333 792
333 742
333 592
333 804
334 519
334 795
334 468
334 695
334 737
334 639
334 390
334 398
334 740
335 629
335 391
335 921
335 895
336 673
336 424
336 995
336 815
336 856
336 950
336 409
336 901
336 900
337 626
337 706
337 621
337 658
337 728
337 674
338 634
338 554
338 432
338 611
338 441
339 634
339 517
339 743
339 614
339 662
339 676
339 789
340 603
340 812
340 969
340 666
340 428
341 634
341 792
341 808
341 626
341 960
341 544
341 357
342 536
342 638
342 824
342 967
342 544
342 785
342 550
342 816
342 608
342 842
342 558
342 556
342 881
343 767
343 621
343 497
344 680
344 741
344 653
344 983
344 485
345 923
345 942
345 395
345 686
345 534
345 892
345 399
345 697
345 424
345 482
345 881
345 458
346 851
346 977
346 926
346 904
347 432
347 676
347 380
347 712
348 576
348 513
348 665
348 824
348 676
348 851
349 689
349 448
349 655
349 466
349 568
349 387
349 813
349 849
349 884
349 602
349 846
349 964
350 837
350 778
350 424
350 936
350 890
351 617
352 590
352 355
352 656
353 544
353 932
353 559
354 579
354 623
354 586
354 512
354 544
355 860
356 980
356 952
356 936
356 549
356 925
357 780
357 476
357 676
357 496
357 511
357 548
357 670
357 965
357 561
357 943
357 605
358 513
358 425
358 621
358 387
358 512
359 432
359 609
359 621
359 937
359 544
359 393
359 816
359 604
360 570
360 824
360 704
360 851
361 541
361 502
361 984
361 754
361 792
362 534
362 814
362 834
362 445
362 467
362 617
362 500
362 625
362 808
362 937
362 598
362 883
362 428
363 462
363 966
363 627
363 887
363 432
363 484
363 443
364 764
364 824
364 994
364 815
364 954
364 851
365 609
365 695
365 962
365 937
365 895
366 570
366 544
366 566
366 676
366 900
367 581
367 665
367 608
367 903
368 837
368 688
368 722
368 544
369 771
369 891
369 851
369 900
370 588
370 534
370 876
370 647
370 963
370 900
370 823
370 384
370 935
370 792
370 648
370 815
371 541
371 722
371 894
371 442
371 879
371 782
371 664
372 596
372 644
372 841
372 737
372 736
372 687
372 851
373 873
373 851
373 759
373 952
373 906
374 612
374 725
374 762
374 479
374 649
374 811
375 728
375 652
375 815
375 518
376 434
376 953
376 944
376 671
376 611
376 612
376 636
376 886
376 943
376 900
377 600
377 620
377 828
377 424
377 621
377 470
377 628
378 695
378 787
378 740
378 544
378 881
378 932
379 808
379 846
379 905
379 495
380 559
380 668
380 961
380 544
380 768
380 785
380 597
381 817
381 479
381 931
381 699
381 924
381 964
381 779
382 435
382 544
382 741
382 819
382 852
382 909
382 965
382 470
382 799
382 894
382 497
382 549
382 645
383 791
383 510
383 544
384 808
384 881
384 674
384 497
384 409
384 855
384 469
384 685
385 877
385 484
385 703
385 613
385 653
385 750
386 885
386 544
386 825
386 542
386 759
386 747
386 433
386 589
386 518
387 764
387 969
387 436
387 824
387 967
387 680
387 755
387 999
387 475
387 970
387 916
387 724
387 515
387 535
387 760
387 508
387 944
387 434
387 874
387 653
387 732
387 845
387 922
387 544
387 676
387 900
388 935
388 824
388 892
388 752
388 882
389 969
389 851
389 914
389 852
390 574
390 650
390 764
390 544
391 472
391 881
392 605
392 904
392 656
392 774
392 964
393 696
393 544
393 819
393 739
393 954
393 972
393 507
393 977
393 932
394 416
394 793
394 854
394 885
394 824
395 855
395 425
395 864
395 518
396 638
396 535
396 407
396 986
396 647
396 710
396 458
396 465
397 695
397 734
397 497
397 484
397 698
397 414
397 962
397 463
397 676
398 525
398 544
398 698
398 844
399 874
399 824
399 826
399 902
399 911
399 663
399 921
400 650
400 424
401 701
401 808
401 907
401 981
401 791
401 745
401 635
401 544
402 404
402 410
402 512
402 442
403 795
403 684
403 826
404 650
404 904
404 791
404 684
405 583
405 885
405 662
405 750
405 792
405 785
405 562
405 799
406 634
406 536
406 650
406 695
406 827
406 933
406 790
407 550
407 621
407 684
407 817
407 824
407 476
408 847
408 877
408 514
408 484
409 680
409 772
409 533
409 591
409 444
409 763
409 676
410 650
410 795
410 760
410 653
410 851
411 529
411 873
411 533
411 673
411 472
411 444
411 900
412 634
412 544
412 881
412 427
412 494
412 851
413 989
413 544
413 828
413 792
413 501
414 600
414 650
414 458
414 576
414 869
414 740
414 966
414 881
415 645
415 466
415 558
415 630
415 454
415 653
415 853
415 589
416 524
416 761
416 441
416 472
416 743
416 808
416 713
417 432
417 913
417 621
417 676
418 881
418 959
418 862
419 548
419 557
419 419
419 520
419 432
419 764
419 881
419 498
420 620
420 875
420 544
420 838
420 866
420 881
420 939
421 555
421 538
421 544
421 822
421 722
421 961
422 883
422 922
422 693
422 427
422 501
423 453
423 851
423 492
424 537
424 695
424 734
424 553
424 874
424 706
424 654
424 982
424 510
424 949
424 815
424 892
424 552
424 477
424 772
424 618
424 472
424 937
424 446
424 452
425 752
425 935
425 844
425 889
425 838
426 856
426 937
426 966
426 804
426 923
426 452
427 886
427 629
427 676
427 900
427 442
428 544
428 676
428 515
429 538
429 544
429 599
429 793
429 631
429 804
430 976
430 633
430 780
430 964
430 681
430 738
431 836
431 897
431 448
431 974
432 634
432 574
432 559
432 984
432 526
432 681
432 884
432 717
432 573
432 941
432 738
432 982
432 702
432 449
432 586
432 843
432 933
432 676
433 925
433 489
433 851
434 843
434 975
434 939
434 804
435 671
435 824
435 818
436 826
436 999
436 750
436 648
436 716
436 882
437 668
437 971
437 593
437 686
437 856
437 954
437 644
437 737
437 909
437 924
437 530
437 502
437 920
437 703
437 442
438 595
438 710
438 808
438 937
438 624
438 684
438 946
438 583
438 635
438 909
438 779
439 586
439 930
439 676
440 714
440 562
440 472
441 593
441 843
441 482
441 687
441 592
441 929
441 465
441 786
441 544
441 804
442 713
442 851
442 711
442 717
442 443
442 853
442 461
442 811
442 738
442 722
442 497
442 917
442 688
442 696
442 651
442 507
442 481
442 795
442 529
442 797
443 493
443 923
444 620
444 927
444 872
444 570
444 479
444 900
444 686
444 671
444 622
445 523
445 771
445 935
445 476
445 451
445 518
446 612
446 684
446 824
446 741
446 501
446 539
447 808
447 520
447 471
447 987
447 930
447 822
447 878
447 540
447 845
447 544
447 979
447 851
448 609
448 497
449 800
449 580
449 837
449 923
449 672
449 546
449 893
449 697
449 701
449 841
449 766
449 495
450 859
450 876
450 764
450 512
450 544
450 748
450 518
451 948
451 811
451 925
451 537
451 533
451 591
451 834
452 851
453 596
453 512
453 729
454 537
454 983
454 937
454 998
454 715
454 501
455 544
455 793
455 560
455 474
456 735
456 802
456 960
456 851
457 666
457 974
457 949
457 508
457 714
457 465
457 852
457 629
458 824
458 544
458 883
458 881
458 676
458 834
458 792
458 736
458 501
459 933
459 793
459 517
459 544
459 881
460 695
460 752
460 908
460 482
460 545
461 542
461 795
461 851
462 528
462 654
462 935
462 808
462 872
462 990
462 653
462 676
462 941
463 544
463 770
464 544
464 838
464 822
464 565
464 739
464 751
464 756
464 911
464 487
464 501
465 478
465 544
465 774
465 654
465 495
466 927
466 568
466 590
466 775
466 902
466 618
466 851
467 600
467 824
467 910
467 484
467 676
468 508
468 544
469 640
469 612
469 961
469 544
469 471
469 935
470 666
470 884
470 738
471 621
471 624
471 570
471 812
472 714
472 857
472 834
472 752
472 650
472 550
472 612
472 567
472 801
472 631
472 969
472 784
472 819
472 883
472 495
472 763
472 931
472 987
473 557
473 544
473 481
473 543
473 663
473 631
474 514
474 529
474 854
474 752
474 628
475 654
475 651
475 921
475 748
475 900
476 886
476 544
476 715
476 881
476 753
476 730
476 948
476 494
477 596
477 504
477 739
477 732
478 886
478 478
478 874
478 619
478 851
478 698
478 674
478 724
478 778
478 635
478 552
478 824
478 544
479 740
479 921
479 937
479 985
480 904
480 734
480 683
480 554
480 999
480 492
481 945
481 544
481 881
481 735
482 800
482 898
482 745
482 802
482 890
482 515
482 777
482 676
483 726
483 796
483 666
483 503
484 808
484 937
484 799
484 804
484 487
484 881
485 612
485 661
485 689
485 695
485 544
485 832
485 754
485 562
485 877
486 890
486 650
486 935
486 720
486 808
486 819
486 546
487 661
487 695
487 788
487 740
487 907
488 650
488 733
488 544
488 696
488 613
489 734
489 780
489 840
489 701
489 555
490 734
490 667
490 804
491 523
491 544
491 804
492 544
492 635
492 492
492 613
492 726
492 798
492 890
492 564
492 645
492 920
492 917
493 655
493 564
493 544
493 676
494 645
494 897
494 826
494 894
495 695
495 544
495 932
495 889
495 797
495 881
495 979
495 739
495 896
495 685
495 946
495 892
495 568
495 621
495 678
495 982
495 526
495 653
496 517
496 752
496 851
496 900
497 969
497 806
498 866
498 676
498 862
498 795
498 899
498 518
499 787
499 885
499 824
499 959
499 912
500 534
500 897
500 515
500 694
500 832
500 900
501 904
501 544
501 939
501 951
501 845
501 599
501 852
501 934
501 986
501 773
501 607
501 749
501 772
501 608
502 874
502 569
502 562
502 527
503 588
503 569
503 592
503 886
503 653
503 804
504 544
504 738
504 907
505 695
505 735
505 870
505 851
506 863
506 544
506 584
506 723
506 804
507 937
507 776
507 785
507 552
507 544
508 534
508 881
508 653
509 913
509 544
510 661
510 937
510 994
511 596
511 927
511 622
511 653
511 804
512 611
512 677
512 879
512 571
512 909
512 997
512 838
512 998
512 845
512 918
512 594
512 765
512 758
512 531
512 759
512 699
512 919
512 549
512 591
512 967
512 544
512 748
512 932
513 619
513 537
513 522
513 596
513 544
513 738
514 543
514 800
514 727
514 588
514 752
514 719
515 555
515 847
515 923
515 670
515 622
516 684
516 544
516 741
516 866
516 881
517 688
517 742
517 596
517 616
517 663
517 959
517 618
517 587
517 592
518 692
518 530
518 562
518 552
518 752
518 548
519 537
519 773
519 605
519 695
520 553
520 665
520 630
520 594
520 681
520 943
521 567
521 956
521 629
521 745
521 662
521 635
522 626
522 522
522 619
522 718
522 881
523 612
523 945
523 722
523 972
523 583
523 736
523 850
523 790
523 527
523 986
523 877
523 755
523 955
524 973
524 785
524 677
524 558
524 611
525 695
525 795
525 920
525 676
526 641
526 679
526 597
526 663
526 862
526 681
526 634
526 695
526 735
526 741
527 580
527 593
527 935
527 962
527 895
527 554
528 557
528 800
528 818
528 881
528 900
529 992
529 703
529 908
529 621
529 974
529 544
529 851
530 627
530 832
530 865
530 637
531 750
531 895
532 742
532 621
532 544
532 851
533 706
533 824
533 812
533 983
533 849
534 687
534 586
534 614
534 968
534 873
534 705
534 900
534 758
534 720
534 650
534 753
534 932
534 988
535 948
535 897
535 730
535 544
535 851
536 671
536 954
536 948
536 881
536 895
536 966
536 608
536 655
536 687
536 691
536 676
537 887
537 733
537 577
537 958
537 567
537 729
537 676
538 795
538 793
538 812
538 766
538 922
538 963
538 823
538 599
538 538
538 953
538 663
538 868
538 839
538 757
538 687
538 544
538 785
539 645
539 581
539 973
540 837
540 756
540 544
540 779
540 804
541 745
541 582
541 857
541 668
541 808
541 798
542 626
542 807
542 651
542 851
543 663
543 596
543 824
543 748
543 932
544 795
544 651
544 854
544 547
544 691
544 565
544 732
544 761
544 849
544 997
544 703
544 713
544 965
544 930
544 690
544 707
544 963
544 793
544 943
544 577
544 544
544 766
544 819
544 812
544 545
544 783
544 599
544 822
544 832
544 957
544 598
544 951
544 697
544 896
544 905
544 782
544 845
544 794
544 777
544 615
544 709
544 889
544 932
544 796
544 779
544 950
544 979
544 831
544 985
544 883
544 903
544 798
544 881
544 810
544 785
544 838
544 566
544 848
544 571
544 823
544 906
544 918
544 741
544 806
544 744
544 700
544 909
544 929
544 825
544 968
544 877
544 559
544 964
544 722
544 855
544 915
544 953
544 585
544 661
544 908
544 583
544 561
544 607
544 738
544 983
544 858
544 887
544 762
544 898
544 790
544 886
544 813
544 557
544 941
544 971
544 656
544 988
544 717
544 625
544 934
544 725
544 746
544 916
544 781
544 576
544 623
544 573
544 839
544 776
544 578
544 718
544 992
544 570
544 878
544 745
544 910
544 701
544 933
544 923
544 927
544 917
544 805
544 834
544 840
544 820
544 702
544 727
544 961
544 771
544 803
544 978
544 859
544 605
544 857
544 757
544 554
544 774
544 758
544 984
544 828
544 595
544 867
544 919
544 644
545 696
545 952
545 881
545 941
546 710
546 766
546 667
546 950
546 589
547 600
547 638
547 931
547 939
548 736
548 955
548 800
549 840
549 772
549 851
549 606
550 576
550 661
550 688
550 660
550 806
550 824
550 643
551 753
551 916
551 571
551 682
551 726
551 767
551 690
551 866
552 837
552 890
552 975
553 645
553 731
553 567
553 917
553 815
554 827
554 881
554 676
554 842
554 900
555 867
555 773
555 851
555 900
556 705
556 880
556 824
556 958
556 794
556 797
557 829
557 901
557 942
557 700
557 887
558 800
558 651
558 605
558 734
558 795
558 664
559 684
559 820
559 881
560 720
560 838
560 631
561 595
561 983
561 707
561 894
561 563
561 824
561 999
561 866
562 937
562 653
562 851
563 576
563 715
563 598
564 863
564 821
564 605
565 684
565 979
565 793
565 952
565 971
565 866
566 633
566 866
566 653
566 851
567 644
567 923
567 615
567 811
567 573
568 568
568 894
568 776
569 585
569 578
569 569
569 616
569 961
569 582
569 851
570 834
570 805
570 926
570 987
570 658
570 792
570 879
570 639
570 949
570 632
570 865
570 870
570 995
570 866
570 648
571 585
571 897
571 854
571 866
572 695
572 584
572 752
572 964
573 834
573 764
573 689
574 776
574 596
574 817
574 782
574 693
575 753
575 866
576 890
576 847
576 667
576 650
577 821
577 860
577 956
577 929
577 668
577 702
577 669
577 636
578 578
578 702
578 741
579 641
579 730
579 603
579 923
579 945
579 922
579 895
580 679
580 855
581 638
581 866
581 953
581 596
581 956
581 944
581 996
582 668
582 874
582 935
582 975
583 692
583 830
583 763
583 979
584 682
584 752
584 920
584 733
584 796
585 805
585 931
585 600
585 671
585 824
585 851
586 835
586 745
586 733
586 789
586 797
586 600
586 662
586 741
587 847
587 943
587 854
587 881
588 595
589 664
589 688
589 693
590 679
590 984
590 926
590 808
590 962
590 624
591 735
591 802
591 729
592 712
592 865
592 986
592 752
592 860
593 875
593 856
593 835
593 640
593 628
593 851
594 771
594 818
594 653
594 884
595 814
595 904
595 779
596 671
596 686
596 989
596 600
596 918
596 947
596 748
596 811
596 764
596 902
596 700
596 900
597 676
597 722
597 874
598 663
598 784
598 881
599 979
599 849
599 850
599 792
599 768
600 962
600 686
600 662
600 918
600 792
600 884
600 883
600 689
600 751
601 856
601 673
602 971
602 756
602 708
602 658
603 609
603 843
603 636
603 851
603 606
604 695
604 733
604 865
604 900
604 671
605 834
605 706
605 753
605 683
605 849
605 673
605 649
605 651
605 964
605 766
606 868
606 684
606 925
606 668
606 958
606 697
607 915
607 865
607 970
607 876
607 961
607 851
608 619
608 824
609 773
609 804
610 948
610 959
610 732
611 657
611 843
611 985
611 803
611 614
611 913
612 762
612 727
612 866
613 797
613 900
614 682
614 917
614 764
615 689
615 682
615 649
616 651
616 698
616 638
616 778
616 969
617 887
617 871
617 822
618 624
618 676
618 804
619 807
619 976
619 762
619 946
619 943
619 740
619 726
619 870
620 686
620 987
620 795
620 824
621 872
621 684
621 933
621 770
621 966
621 991
621 746
621 745
621 862
621 758
621 951
621 640
621 937
622 629
623 695
623 793
623 883
623 751
624 995
624 685
624 830
624 921
625 734
625 834
625 954
625 748
625 667
625 851
626 824
626 945
626 854
627 764
627 928
627 965
627 663
627 666
627 854
628 996
628 851
629 953
629 822
629 985
629 851
630 907
630 745
630 720
630 969
630 862
632 901
632 792
632 815
633 877
633 656
633 867
633 790
634 896
634 952
634 704
635 984
635 904
635 651
635 785
636 908
636 668
636 709
636 808
636 824
636 841
636 646
636 769
637 702
637 857
637 868
637 701
637 886
637 845
637 653
637 721
638 726
638 873
638 786
638 749
639 776
640 640
640 930
640 964
640 673
641 992
641 676
641 721
641 888
642 729
642 762
642 824
642 822
642 749
643 837
643 781
644 661
644 750
645 745
645 985
646 708
646 969
646 804
646 851
647 898
647 940
647 879
648 731
648 824
648 918
648 653
648 804
648 851
650 787
650 868
650 835
650 875
650 712
650 655
650 975
650 781
650 882
650 779
650 932
650 816
650 663
650 951
650 928
650 676
651 902
651 750
651 791
651 799
651 824
651 937
651 785
651 881
651 676
652 800
652 935
652 933
652 915
652 864
653 937
653 952
653 756
653 667
653 765
653 723
653 892
653 759
653 789
653 990
653 734
653 803
653 969
653 896
653 742
653 909
653 804
654 763
654 908
654 804
655 999
655 908
655 780
656 714
656 701
656 899
656 824
656 937
656 979
657 890
657 676
657 814
657 793
657 854
658 665
658 897
658 878
658 923
658 709
658 710
658 799
658 824
658 870
658 921
659 675
659 737
659 868
659 881
659 676
660 735
660 983
660 848
660 802
661 719
661 679
661 793
661 804
662 863
662 743
662 774
662 891
662 961
663 684
663 881
663 809
664 676
664 809
665 913
665 793
665 881
666 725
666 678
666 929
667 883
667 851
667 900
668 807
668 956
668 751
668 695
668 856
669 706
669 752
669 873
669 738
669 808
669 824
670 743
670 845
670 682
670 993
670 985
670 749
671 838
671 789
672 976
672 985
672 811
672 851
673 675
673 801
673 915
673 858
674 747
674 676
675 872
675 693
675 790
675 851
676 896
676 811
676 844
676 788
676 842
676 815
676 721
676 947
676 730
676 839
676 980
676 699
676 892
676 759
676 968
676 942
676 831
676 739
676 828
676 908
676 677
676 930
676 823
676 923
676 733
676 978
677 713
678 705
680 684
680 964
681 755
681 964
682 914
683 857
683 757
684 751
685 816
686 739
687 802
687 942
687 708
687 998
687 966
687 790
688 831
688 701
688 804
689 978
689 742
689 797
690 739
690 902
691 729
691 866
692 740
692 777
692 879
692 851
693 788
693 800
694 990
694 961
694 851
695 874
695 954
695 867
695 992
695 742
695 787
695 736
695 917
695 818
695 966
695 931
695 741
695 783
695 933
696 875
696 882
696 838
696 918
696 900
697 861
697 933
698 829
698 881
699 932
699 864
700 808
701 781
701 702
701 734
701 937
701 881
702 973
702 830
702 958
702 932
703 937
703 842
704 740
705 734
706 827
706 908
707 824
707 878
708 805
708 957
708 963
708 851
708 900
709 824
709 713
710 958
710 967
710 764
710 973
710 835
710 754
711 824
711 999
711 831
713 872
713 796
713 960
713 869
713 866
714 829
714 824
715 826
715 903
715 893
716 722
716 794
716 972
716 803
717 767
717 746
717 851
718 937
718 732
718 872
718 851
719 898
719 922
719 900
720 960
720 978
720 905
720 851
721 964
721 973
721 991
721 900
722 855
723 812
723 879
723 851
723 900
724 917
724 865
725 807
725 998
725 784
725 979
725 769
727 764
727 864
728 753
728 968
728 851
729 921
729 859
729 855
729 869
730 966
730 851
731 752
731 935
732 851
733 780
733 838
734 980
734 761
734 924
734 746
734 755
735 948
735 740
736 887
737 859
737 851
738 867
738 915
738 987
738 963
738 835
739 781
739 774
739 993
739 865
740 964
740 810
740 944
740 840
740 880
741 777
741 906
741 978
741 742
741 840
741 750
741 868
741 881
741 816
742 903
742 764
742 866
742 804
743 881
744 969
745 932
745 877
745 904
745 822
745 881
746 972
746 937
747 976
747 867
748 939
748 909
748 931
748 772
748 881
749 904
749 962
749 764
749 951
751 851
751 880
752 983
752 893
752 935
752 915
752 969
752 891
752 809
753 893
753 870
753 825
754 933
754 901
754 851
755 770
755 792
755 920
755 959
755 900
756 969
756 826
756 851
757 872
757 900
758 851
759 909
759 851
760 887
760 804
760 851
762 782
762 791
762 956
762 790
764 848
764 773
764 851
766 831
766 989
766 798
767 834
767 881
767 957
768 900
769 892
769 949
769 837
769 804
769 851
770 900
771 962
771 991
771 798
771 881
772 984
772 815
772 997
772 900
773 969
773 804
773 851
774 947
774 804
774 999
775 795
775 925
775 900
776 938
776 805
776 824
776 782
777 871
777 889
778 980
778 808
779 904
779 926
780 828
780 959
780 978
780 986
780 960
780 893
780 854
780 795
780 860
780 957
780 834
780 995
781 872
782 800
782 845
782 854
784 873
784 936
784 796
784 881
784 862
785 990
785 881
787 885
787 815
787 851
788 812
788 851
788 900
790 826
790 851
790 900
791 912
791 967
792 825
793 935
793 800
794 920
794 881
795 898
795 927
795 879
795 826
795 828
796 832
796 881
797 998
797 813
797 798
798 932
799 806
799 901
799 824
799 997
800 859
801 826
801 881
802 962
804 844
804 884
804 833
804 918
804 823
805 964
806 937
807 817
807 967
807 932
808 925
808 808
808 958
808 986
808 832
808 985
808 824
809 967
810 838
810 932
810 956
811 977
811 921
812 908
812 937
812 846
813 935
813 851
814 839
814 857
814 958
814 854
815 937
816 969
816 889
816 996
817 910
817 937
817 993
817 881
818 827
819 851
820 840
820 856
820 826
821 933
821 883
822 870
822 936
824 961
824 995
824 863
824 931
824 964
824 896
824 924
824 887
824 837
824 851
825 857
825 874
825 881
826 966
826 928
826 993
826 949
826 866
827 919
827 939
827 931
828 878
828 935
829 883
830 877
830 937
830 969
830 997
830 900
831 923
831 856
831 981
831 851
832 979
832 939
832 991
832 928
833 837
834 981
835 945
835 992
837 890
837 881
838 881
838 939
838 955
838 934
838 863
838 851
839 847
840 988
841 899
841 883
842 859
842 851
843 967
843 881
844 885
845 964
846 895
846 937
847 851
847 900
848 866
848 888
848 996
849 932
850 993
851 964
851 993
851 977
851 894
851 888
851 940
851 862
851 988
851 953
851 898
851 933
851 966
851 866
851 937
851 924
851 992
851 872
851 906
851 920
851 995
852 964
852 995
852 900
854 985
854 908
856 898
856 866
858 985
861 939
861 982
862 958
864 919
866 909
866 950
866 881
867 915
867 929
868 900
869 975
870 998
871 949
871 969
874 972
874 921
876 924
876 935
878 939
878 926
878 941
879 881
881 943
881 951
881 956
881 950
881 965
881 997
881 998
881 929
881 889
881 963
881 888
881 978
881 885
881 928
881 980
882 981
882 900
883 909
883 940
883 974
883 952
883 905
884 900
887 890
887 966
887 960
887 937
888 950
890 998
893 920
893 935
895 994
898 928
898 902
898 911
899 937
900 935
900 973
900 946
900 947
900 922
900 950
900 969
900 992
904 967
908 923
908 932
910 917
911 942
913 939
914 921
917 922
917 936
919 968
921 944
922 990
923 923
924 962
925 992
925 937
925 932
926 995
929 971
933 961
933 937
934 938
935 956
937 987
937 981
937 950
939 970
941 958
943 978
945 975
945 991
957 966
964 966
964 964
969 987
971 992
972 986
973 999
974 992
