0 1
0 2
0 3
0 4
0 5
0 6
0 7
0 8
0 9
0 10
0 11
0 12
0 14
0 15
0 17
0 18
0 19
0 23
0 27
0 32
0 35
0 36
0 39
0 40
0 41
0 42
0 44
0 45
0 48
0 54
0 59
0 63
0 68
0 70
0 71
0 76
0 80
0 82
0 85
0 89
0 90
0 99
1 7
1 8
1 11
1 19
1 20
1 21
1 28
1 29
1 48
1 55
1 77
1 91
2 7
2 9
2 10
2 13
2 18
2 22
2 25
2 43
2 51
2 52
2 64
2 66
2 76
2 99
3 7
3 8
3 10
3 13
3 15
3 17
3 18
3 24
3 26
3 27
3 29
3 33
3 35
3 38
3 53
3 54
3 57
3 72
3 76
3 77
3 78
3 82
3 84
3 92
4 8
4 9
4 10
4 12
4 13
4 14
4 16
4 22
4 24
4 26
4 35
4 40
4 46
4 55
4 81
4 85
5 7
5 8
5 9
5 13
5 14
5 15
5 27
5 28
5 33
5 34
5 40
5 46
5 54
5 55
5 69
5 72
5 91
6 7
6 14
6 18
6 30
6 38
6 39
6 41
6 49
6 57
6 70
6 98
7 8
7 9
7 10
7 11
7 12
7 15
7 17
7 18
7 19
7 24
7 25
7 26
7 32
7 35
7 36
7 38
7 39
7 42
7 44
7 45
7 46
7 50
7 53
7 61
7 62
7 63
7 65
7 66
7 69
7 71
7 74
7 75
7 79
7 86
7 91
7 94
7 97
8 9
8 10
8 11
8 12
8 16
8 17
8 18
8 20
8 21
8 22
8 23
8 25
8 28
8 41
8 42
8 43
8 44
8 48
8 50
8 52
8 56
8 57
8 58
8 66
8 67
8 74
8 81
8 82
8 86
8 93
8 95
8 96
9 11
9 12
9 14
9 22
9 24
9 26
9 30
9 33
9 66
9 79
9 83
9 86
9 97
10 11
10 12
10 14
10 15
10 16
10 17
10 20
10 21
10 22
10 25
10 27
10 28
10 30
10 31
10 34
10 36
10 44
10 46
10 54
10 56
10 63
10 67
10 68
10 73
10 88
10 91
10 94
10 98
11 13
11 16
11 20
11 23
11 24
11 29
11 33
11 49
11 51
11 65
11 67
11 77
11 85
12 13
12 16
12 19
12 20
12 25
12 31
12 58
12 65
12 68
12 75
12 78
12 81
12 83
13 15
13 16
13 20
13 23
13 31
13 34
13 39
13 44
13 52
13 56
13 66
13 87
14 28
14 32
14 50
15 19
15 26
15 37
15 39
15 43
15 47
15 60
15 64
15 66
15 68
15 74
15 77
15 78
15 80
15 83
16 17
16 42
16 45
16 53
16 80
17 21
17 30
17 35
17 42
17 45
17 48
17 52
17 67
17 83
17 86
17 88
17 92
17 96
18 19
18 21
18 23
18 24
18 33
18 37
18 52
18 58
18 60
18 62
18 65
18 70
18 79
18 85
18 88
19 21
19 25
19 30
19 37
19 40
19 41
19 49
19 59
19 89
19 96
19 98
19 99
20 34
20 39
20 50
20 53
20 73
20 87
21 22
21 23
21 31
21 32
21 58
21 59
21 70
21 97
22 27
22 29
22 32
22 36
22 37
22 47
22 57
22 63
22 67
22 82
22 85
22 94
23 30
23 31
23 34
23 36
23 38
23 55
23 60
23 95
24 27
24 32
24 43
24 46
24 47
24 54
24 62
24 68
24 81
24 92
24 93
24 94
25 26
25 28
25 31
25 33
25 37
25 38
25 40
25 50
25 53
25 56
25 60
25 65
25 74
25 84
26 36
26 37
26 73
26 75
27 29
27 41
27 45
27 73
27 87
28 29
28 51
28 61
28 63
28 79
28 84
29 35
29 44
29 80
29 94
30 40
30 42
30 51
30 71
30 79
30 93
31 41
31 56
31 58
31 69
31 70
31 71
31 77
31 79
31 88
31 95
32 43
32 61
32 90
32 98
33 34
33 38
33 54
33 64
33 84
34 64
34 99
35 51
35 59
35 72
35 81
35 89
35 90
36 75
36 77
37 47
37 59
37 68
37 78
38 45
38 46
38 47
38 49
38 76
38 80
38 90
39 49
39 53
39 64
39 70
39 78
41 47
41 48
41 55
41 56
41 63
41 97
42 43
42 48
42 73
42 88
42 95
43 49
43 59
43 60
43 65
43 69
43 71
43 82
43 89
44 69
44 83
45 50
45 72
45 86
46 51
46 62
46 69
46 76
46 96
47 57
48 52
48 61
48 74
48 90
49 57
50 55
50 93
51 58
51 97
52 93
52 97
53 62
54 62
54 75
54 88
55 61
55 98
56 84
56 99
57 64
57 73
57 81
57 92
58 60
58 61
59 72
59 89
60 86
61 67
62 92
63 71
63 78
63 83
63 92
64 87
65 84
65 85
65 98
66 72
66 87
67 76
68 75
68 93
68 96
69 96
69 99
71 74
71 82
73 80
75 90
80 95
81 94
84 95
85 87
88 89
88 91
89 91
