0 1
0 2
0 3
0 4
0 5
0 6
0 7
0 8
0 9
0 10
0 11
0 12
0 13
0 14
0 15
0 16
0 17
0 19
0 20
0 22
0 25
0 30
0 31
0 33
0 35
0 36
0 41
0 43
0 44
0 46
0 48
0 50
0 53
0 55
0 59
0 63
0 64
0 65
0 66
0 69
0 73
0 74
0 78
0 79
0 81
0 83
0 84
0 85
0 88
0 90
0 92
0 98
1 9
1 10
1 12
1 14
1 31
1 35
1 45
1 74
2 8
2 9
2 10
2 11
2 12
2 21
2 24
2 34
2 38
2 40
2 41
2 48
2 58
2 75
2 85
2 95
3 8
3 9
3 11
3 12
3 13
3 18
3 19
3 22
3 23
3 26
3 28
3 29
3 32
3 36
3 52
3 71
3 74
3 78
3 80
3 81
3 94
3 97
4 8
4 21
4 25
4 27
4 36
4 82
4 83
4 87
5 8
5 9
5 10
5 11
5 13
5 14
5 15
5 16
5 17
5 18
5 22
5 24
5 29
5 30
5 31
5 37
5 42
5 50
5 54
5 60
5 66
5 67
5 69
5 79
5 84
5 89
5 90
5 99
6 8
6 10
6 11
6 12
6 18
6 21
6 24
6 26
6 27
6 40
6 41
6 48
6 62
6 68
6 70
6 71
6 72
6 80
6 83
6 86
6 89
6 93
7 8
7 9
7 15
7 26
8 9
8 10
8 11
8 13
8 14
8 16
8 17
8 18
8 19
8 20
8 23
8 26
8 31
8 38
8 40
8 44
8 45
8 47
8 53
8 55
8 56
8 68
8 71
8 73
8 78
8 82
8 85
8 92
9 10
9 13
9 15
9 17
9 18
9 19
9 20
9 21
9 23
9 24
9 25
9 26
9 28
9 33
9 35
9 36
9 44
9 49
9 52
9 57
9 59
9 60
9 65
9 75
9 78
9 81
9 87
9 88
9 94
9 95
9 98
9 99
10 11
10 12
10 13
10 14
10 15
10 16
10 19
10 20
10 23
10 24
10 25
10 27
10 28
10 29
10 30
10 32
10 37
10 38
10 43
10 46
10 52
10 55
10 59
10 64
10 67
10 93
10 96
10 99
11 12
11 15
11 16
11 17
11 18
11 20
11 27
11 28
11 30
11 31
11 32
11 39
11 40
11 42
11 44
11 46
11 60
11 74
11 80
11 86
11 87
11 90
11 91
11 96
12 13
12 14
12 15
12 16
12 18
12 21
12 23
12 25
12 31
12 38
12 43
12 48
12 49
12 53
12 63
12 70
12 90
12 94
13 14
13 16
13 17
13 19
13 20
13 21
13 29
13 32
13 33
13 35
13 39
13 44
13 51
13 55
13 56
13 65
13 70
13 72
13 73
13 79
13 84
13 89
13 94
13 95
14 17
14 27
14 30
14 35
14 39
14 54
14 62
14 64
14 68
14 81
14 91
14 97
15 29
15 34
15 35
15 41
15 42
15 46
15 47
15 51
15 55
15 58
15 63
15 84
15 89
15 94
15 96
15 97
16 22
16 32
16 39
16 57
16 76
16 77
16 81
16 98
17 30
17 42
17 46
17 50
17 53
17 74
17 75
17 79
18 19
18 20
18 22
18 26
18 30
18 34
18 41
18 42
18 47
18 50
18 53
18 54
18 57
18 65
18 72
18 73
18 79
18 82
18 85
18 97
18 98
19 21
19 23
19 38
19 39
19 47
19 53
19 56
19 75
19 87
19 89
20 22
20 24
20 25
20 26
20 27
20 28
20 29
20 34
20 42
20 44
20 45
20 58
20 60
20 62
20 84
20 92
20 93
20 97
21 22
21 33
21 47
21 54
21 72
21 80
22 23
22 24
22 27
22 37
22 40
22 43
22 53
22 56
22 58
22 59
22 63
22 64
22 69
22 70
22 75
22 89
23 25
23 28
23 29
23 34
23 35
23 50
23 57
23 59
23 61
23 63
23 66
23 68
23 70
23 93
23 97
24 28
24 32
24 37
24 43
24 44
24 45
24 49
24 51
24 54
24 56
24 64
24 74
24 82
24 83
24 88
25 34
25 40
26 33
26 36
26 39
26 46
26 47
26 48
26 58
26 60
26 61
26 71
26 96
27 37
27 38
27 42
27 43
27 49
27 56
27 60
27 62
27 67
27 76
28 33
28 37
28 51
28 52
28 63
28 67
28 72
28 87
29 33
29 45
29 49
29 50
29 61
30 31
30 32
30 34
30 36
30 37
30 39
30 51
30 52
30 57
30 61
30 68
30 71
30 85
31 60
32 36
32 41
32 45
32 48
32 49
32 54
32 55
32 63
32 73
32 81
32 86
32 88
32 93
34 40
34 51
34 65
34 77
34 86
35 41
35 45
35 52
35 61
35 67
35 86
36 54
36 62
36 70
37 38
37 49
37 66
37 69
37 82
38 43
38 77
40 46
40 47
40 64
40 71
40 73
40 76
40 85
41 57
41 66
41 67
41 77
42 52
42 56
42 62
42 70
42 74
42 82
43 48
43 83
44 99
46 50
46 57
46 58
46 91
47 66
47 76
47 81
47 90
48 51
48 59
48 65
48 66
48 75
48 76
48 83
48 84
48 91
48 92
48 98
49 62
50 69
50 76
51 69
51 80
52 61
52 78
52 98
53 55
53 65
53 73
53 76
53 88
53 89
53 91
53 99
54 61
54 84
55 58
55 59
55 68
55 77
56 87
56 95
57 67
57 78
57 90
58 72
58 90
58 95
60 88
61 86
62 64
63 86
64 71
64 77
64 79
64 85
64 95
65 68
65 80
66 69
66 80
67 77
67 79
67 82
67 97
70 72
70 96
71 75
71 78
71 92
71 99
73 94
75 92
80 96
81 92
81 94
82 83
82 87
82 91
83 91
84 93
84 99
86 88
86 93
87 98
89 96
90 95
