0 1
0 2
0 3
0 4
0 5
0 6
0 7
0 8
0 11
0 12
0 15
0 17
0 18
0 19
0 20
0 23
0 31
0 35
0 36
0 44
0 49
0 53
0 56
0 58
0 63
0 68
0 71
0 72
0 77
0 86
0 87
0 89
0 93
0 96
0 97
1 6
1 7
1 8
1 10
1 23
1 26
1 31
1 36
1 44
1 54
2 9
2 11
2 14
2 15
2 20
2 24
2 25
2 28
2 39
2 41
2 54
2 56
2 86
2 98
3 6
3 7
3 11
3 12
3 13
3 14
3 15
3 22
3 29
3 34
3 40
3 45
3 54
3 56
3 62
3 63
3 77
3 90
3 93
3 95
4 6
4 7
4 8
4 9
4 10
4 14
4 26
4 27
4 31
4 37
4 43
4 51
4 56
4 60
4 82
4 95
5 6
5 7
5 9
5 10
5 13
5 17
5 20
5 28
5 29
5 32
5 38
5 45
5 48
5 51
5 58
5 64
5 89
5 97
5 98
6 8
6 9
6 10
6 11
6 12
6 15
6 16
6 17
6 18
6 26
6 28
6 31
6 35
6 37
6 39
6 42
6 43
6 46
6 50
6 55
6 59
6 60
6 61
6 62
6 64
6 72
6 76
6 78
6 83
6 85
6 86
6 92
6 93
6 94
6 97
6 99
7 8
7 13
7 14
7 15
7 16
7 17
7 21
7 22
7 24
7 25
7 28
7 34
7 37
7 38
7 44
7 46
7 53
7 62
7 64
7 66
7 70
7 74
7 76
7 86
7 96
7 97
8 9
8 27
8 45
8 52
8 82
8 97
9 10
9 11
9 12
9 13
9 16
9 17
9 19
9 20
9 21
9 24
9 26
9 33
9 35
9 36
9 41
9 43
9 57
9 72
9 73
9 79
9 91
9 95
10 16
10 25
10 60
10 65
10 91
11 12
11 16
11 19
11 20
11 21
11 25
11 30
11 38
11 55
11 57
11 58
11 68
11 71
11 81
11 84
11 93
11 96
12 13
12 14
12 23
12 30
12 32
12 33
12 35
12 40
12 51
12 57
12 62
12 68
12 75
12 77
12 78
12 79
12 80
12 85
12 88
12 99
13 18
13 23
13 33
13 42
13 71
13 80
14 18
14 19
14 24
14 25
14 26
14 30
14 31
14 35
14 36
14 39
14 48
14 53
14 61
14 65
14 95
14 96
15 19
15 22
15 27
15 38
15 42
15 45
15 49
15 60
15 65
15 75
15 90
15 94
16 32
16 67
16 73
16 79
17 18
17 22
17 23
17 24
17 27
17 29
17 32
17 34
17 36
17 50
17 51
17 54
17 55
17 61
17 69
17 74
17 76
17 78
17 81
17 87
17 91
17 99
18 21
18 28
18 29
18 37
18 46
18 67
18 69
19 27
19 39
19 47
19 68
19 95
20 21
20 22
20 32
20 37
20 40
20 43
20 46
20 49
20 50
20 55
20 60
20 61
20 66
20 74
20 80
20 82
20 84
20 98
21 30
21 34
21 63
21 69
21 70
21 73
21 77
21 87
23 40
23 52
23 67
23 72
23 73
23 94
24 33
24 39
24 41
24 48
24 63
24 68
25 86
26 29
26 33
26 44
26 47
26 48
26 58
26 59
26 75
26 89
26 98
26 99
27 54
27 76
28 44
28 46
28 47
28 50
28 57
28 65
28 80
28 81
28 92
29 30
29 47
29 66
29 83
30 42
31 52
31 82
32 42
32 65
32 76
32 87
33 34
33 49
34 40
34 41
34 49
34 53
34 62
34 69
34 74
34 90
35 38
35 41
35 70
35 75
35 84
35 89
35 92
36 43
36 83
38 56
38 92
39 47
39 71
39 89
39 90
39 91
40 45
40 55
40 66
41 52
42 48
43 58
43 61
43 67
43 74
43 94
44 59
44 71
44 75
44 78
44 94
44 96
45 91
46 52
46 63
46 66
46 67
46 73
46 99
47 50
47 51
47 70
48 53
48 57
48 85
48 92
51 87
51 90
52 64
52 85
53 84
55 59
55 72
56 59
56 80
56 84
57 81
57 83
58 64
58 82
59 70
59 77
61 79
61 88
62 69
62 83
63 78
66 79
68 88
70 81
70 88
73 93
77 85
79 88
91 98
