0 1
0 2
0 3
0 4
0 5
0 6
0 7
0 10
0 11
0 15
0 17
0 20
0 24
0 26
0 30
0 32
0 38
0 42
0 69
0 70
0 74
0 85
0 87
1 5
1 6
1 13
1 16
1 20
1 23
1 24
1 27
1 28
1 40
1 48
1 53
1 59
1 89
1 90
1 91
1 97
1 98
1 99
2 5
2 9
2 10
2 12
2 14
2 22
2 29
2 36
2 38
2 39
2 42
2 62
2 71
2 87
2 94
2 98
3 5
3 64
3 84
4 6
4 7
4 8
4 9
4 11
4 13
4 18
4 19
4 21
4 43
4 47
4 75
4 88
5 6
5 7
5 8
5 9
5 11
5 14
5 15
5 17
5 22
5 23
5 29
5 30
5 33
5 35
5 37
5 40
5 42
5 43
5 46
5 49
5 51
5 55
5 73
5 83
5 85
5 96
5 97
6 7
6 8
6 10
6 12
6 13
6 20
6 24
6 25
6 26
6 31
6 35
6 47
6 67
6 68
6 70
6 73
6 83
6 85
7 8
7 10
7 14
7 18
7 19
7 21
7 29
7 32
7 37
7 46
7 59
7 60
7 67
7 69
7 76
7 96
8 9
8 16
8 19
8 29
8 32
8 49
8 52
8 56
8 60
8 61
8 63
8 67
8 78
9 11
9 12
9 23
9 33
9 34
9 54
9 63
9 69
9 82
10 20
10 24
10 26
10 27
10 31
10 34
10 38
10 53
10 61
10 66
10 80
11 12
11 16
11 17
11 21
11 46
11 50
11 52
11 57
11 73
11 91
12 13
12 14
12 15
12 16
12 17
12 18
12 22
12 27
12 28
12 34
12 36
12 44
12 50
12 54
12 58
12 62
12 67
12 77
12 87
12 95
13 22
13 25
13 28
13 33
13 40
13 43
13 47
13 54
13 56
13 78
13 88
14 15
14 18
14 41
14 47
14 58
14 61
14 62
15 23
15 31
15 33
15 41
15 50
16 26
16 28
16 35
16 36
16 37
16 39
16 42
16 44
16 60
16 61
16 71
16 74
17 19
17 70
18 43
18 51
19 37
19 45
19 58
19 60
19 64
19 70
19 76
19 84
20 21
20 25
20 30
20 53
20 75
21 38
21 49
21 53
21 57
21 68
21 83
21 86
21 96
22 71
22 91
22 93
23 25
23 32
23 41
23 49
23 68
24 88
25 79
25 86
26 27
26 57
26 95
27 63
28 45
28 65
28 77
29 30
29 44
29 45
29 48
29 65
29 80
29 93
30 31
30 46
30 96
31 36
31 39
31 50
31 55
31 68
31 72
31 74
31 75
31 78
32 34
32 55
32 72
32 77
33 65
33 69
33 76
33 82
33 89
34 35
34 39
34 41
34 55
34 56
34 58
34 72
34 92
35 81
35 99
36 40
36 48
36 51
36 59
36 62
36 79
36 86
37 54
37 84
38 52
38 71
38 73
38 82
39 85
39 94
40 89
41 45
41 80
41 94
42 44
42 51
42 81
43 66
43 75
43 79
45 48
46 57
46 65
46 94
48 52
48 97
49 78
50 64
50 66
50 81
52 56
52 87
54 63
54 95
56 77
56 79
56 91
58 59
58 74
59 76
59 80
60 64
60 66
60 81
62 98
63 72
63 95
64 84
64 89
65 90
66 92
67 90
68 88
69 82
75 86
75 99
76 83
81 90
82 99
83 98
84 93
84 97
85 92
86 92
88 93
