0 1
0 999
0 998
0 997
0 4
0 996
0 598
0 963
1 2
1 3
1 999
1 4
1 5
1 166
1 261
2 4
2 6
2 904
2 782
3 6
3 7
3 44
3 676
3 410
4 5
4 6
4 8
4 575
4 419
5 6
5 7
5 9
5 369
6 8
6 10
6 401
6 951
7 9
7 10
7 11
7 150
7 643
8 9
8 11
8 12
8 935
8 223
8 21
8 567
8 936
8 112
8 328
8 37
9 10
9 12
9 60
9 736
9 50
10 12
10 14
10 390
10 263
10 412
10 748
11 12
11 13
11 14
11 15
11 338
12 13
12 14
12 15
12 703
12 252
13 14
13 15
13 711
13 701
13 112
14 16
14 18
14 821
14 595
15 490
15 312
15 99
15 950
15 975
16 17
16 19
16 20
16 508
17 18
17 19
17 21
17 168
18 21
18 753
18 66
18 122
18 847
18 892
18 757
18 269
18 395
19 22
19 23
19 796
19 454
19 557
20 21
20 23
20 109
20 246
21 22
21 24
21 561
21 603
21 444
21 474
21 733
22 23
22 24
22 261
22 705
22 586
22 761
23 24
23 26
23 594
23 554
23 558
24 28
24 159
24 914
24 833
24 600
24 705
25 27
25 28
25 29
25 230
25 709
26 27
26 28
26 29
26 284
26 141
27 28
27 29
27 30
27 395
27 593
27 255
28 29
28 32
28 612
28 545
29 30
29 32
29 33
29 739
29 118
30 31
30 33
30 34
30 129
31 33
31 35
31 536
31 56
31 335
32 33
32 36
32 154
32 214
32 658
33 37
33 782
33 642
33 943
33 929
33 833
34 35
34 36
34 37
34 38
34 163
34 662
35 37
35 746
35 849
35 792
36 37
36 38
36 39
36 40
37 38
37 39
37 791
38 39
38 40
38 41
38 42
39 40
39 41
39 42
39 43
40 41
40 42
40 44
40 875
40 874
40 929
41 43
41 44
41 45
41 109
42 43
42 45
42 46
42 190
42 290
42 574
43 44
43 45
43 176
43 189
43 533
44 45
44 46
44 47
44 238
44 517
45 46
45 48
45 499
45 689
45 330
46 47
46 48
46 49
46 50
46 569
46 146
47 48
47 51
47 165
47 988
47 90
48 49
48 50
48 51
48 52
49 50
49 52
49 834
49 934
49 324
49 613
50 51
50 52
50 53
50 54
50 330
51 52
51 53
51 54
51 766
51 724
52 53
52 54
52 128
52 476
52 209
52 902
52 903
53 54
53 56
53 57
53 644
53 598
54 55
54 56
54 58
54 148
54 441
54 805
54 982
54 954
54 375
55 56
55 57
55 59
55 187
56 57
56 59
56 60
56 255
56 444
56 995
56 245
56 487
56 885
56 990
57 59
57 60
57 516
57 137
58 60
58 61
58 62
58 558
58 519
59 60
59 61
59 62
59 63
59 418
59 488
60 62
60 63
60 847
60 742
60 985
60 268
61 62
61 63
61 64
61 580
61 699
62 63
62 64
62 65
62 66
62 995
63 64
63 65
63 67
63 847
64 66
64 67
64 964
64 467
64 637
64 854
65 66
65 67
65 68
65 69
65 504
66 69
66 982
66 647
66 642
67 68
67 69
67 70
67 71
67 278
68 69
68 70
68 749
68 841
68 498
68 664
69 71
69 72
69 73
69 91
70 71
70 72
70 73
70 74
71 72
71 73
71 74
71 75
72 73
72 74
72 75
72 76
73 74
73 75
73 76
73 77
73 571
73 324
74 75
74 76
74 78
74 750
75 77
75 79
75 863
75 247
76 77
76 78
76 79
76 80
76 321
77 78
77 80
77 81
77 499
78 79
78 80
78 81
78 82
79 81
79 82
79 83
79 692
79 478
80 81
80 82
80 83
80 84
80 319
80 989
80 633
81 82
81 84
81 85
81 978
81 241
82 84
82 86
82 679
82 263
82 932
82 678
83 84
83 85
83 86
83 87
84 86
84 87
84 200
84 355
85 88
85 89
85 837
85 886
86 87
86 88
86 89
86 90
86 990
87 88
87 89
87 90
87 91
88 89
88 91
88 92
88 659
88 409
89 90
89 91
89 92
89 93
89 598
90 91
90 92
90 93
90 94
91 92
91 94
91 644
91 227
91 531
91 619
92 94
92 95
92 96
92 933
92 201
92 997
93 94
93 95
93 96
93 97
94 95
94 96
94 98
94 371
95 96
95 97
95 98
95 99
96 97
96 98
96 99
96 100
97 98
97 99
97 100
97 101
97 547
97 713
98 100
98 101
98 634
98 746
99 102
99 552
99 426
99 824
99 966
100 101
100 102
100 104
100 376
101 102
101 103
101 104
101 105
101 831
102 103
102 105
102 164
102 116
102 290
103 104
103 105
103 106
103 107
103 916
104 105
104 106
104 107
104 108
104 566
105 106
105 108
105 800
105 454
106 109
106 110
106 899
106 373
106 548
106 388
106 604
107 108
107 109
107 110
107 111
107 484
108 109
108 111
108 112
108 806
108 288
109 110
109 112
109 113
109 280
110 113
110 284
110 165
110 713
111 114
111 115
111 733
111 952
112 113
112 116
112 842
113 115
113 116
113 117
113 284
114 115
114 116
114 117
114 571
114 887
115 116
115 117
115 118
115 119
115 275
116 117
116 118
116 119
116 120
117 118
117 119
117 120
117 127
117 242
117 309
118 119
118 120
118 121
119 120
119 121
119 122
119 123
119 326
120 121
120 122
120 123
120 339
120 994
121 122
121 547
121 842
121 509
121 677
122 123
122 124
122 125
122 126
122 624
122 780
123 125
123 127
123 881
123 421
124 125
124 127
124 158
124 982
125 126
125 129
125 152
125 705
125 280
125 137
126 127
126 129
126 130
126 154
127 129
127 613
127 642
128 130
128 131
128 132
128 688
129 131
129 133
129 965
129 466
130 131
130 132
130 133
130 920
130 339
131 132
131 133
131 134
131 354
132 134
132 135
132 136
132 322
133 134
133 135
133 137
133 147
133 347
133 186
134 135
134 136
134 137
134 138
135 136
135 138
135 713
135 338
135 177
135 953
136 137
136 138
136 139
136 140
137 138
137 139
137 140
137 141
138 139
138 140
138 141
138 142
138 796
139 140
139 141
139 142
139 143
139 175
140 141
140 142
140 144
140 145
140 394
140 940
140 961
140 776
141 142
141 143
141 144
141 145
141 292
142 143
142 145
142 146
142 386
143 144
143 145
143 146
143 147
144 146
144 450
144 902
144 912
145 146
145 147
145 148
145 149
145 633
146 239
146 698
146 885
147 149
147 150
147 151
147 474
147 347
148 151
148 152
148 753
148 992
148 183
149 151
149 153
149 472
149 196
150 151
150 152
150 153
150 888
150 782
151 152
151 153
151 154
151 155
151 493
151 587
151 263
152 155
152 412
152 427
152 895
153 154
153 155
153 156
153 157
154 155
154 156
154 158
154 429
155 156
155 159
155 281
155 873
155 387
155 855
156 157
156 158
156 159
156 352
156 429
156 459
156 516
157 158
157 159
157 160
157 248
157 667
157 717
157 294
158 159
158 160
158 161
158 162
158 637
159 160
159 162
159 163
159 625
160 161
160 162
160 163
160 684
161 162
161 163
161 164
161 165
161 941
161 789
162 163
162 164
162 165
162 166
163 164
163 990
163 223
164 166
164 168
164 363
164 554
165 167
165 168
165 169
165 471
166 167
166 169
166 170
167 168
167 169
167 171
167 450
167 510
168 171
168 172
168 953
168 289
169 171
169 173
169 752
169 824
169 389
170 171
170 172
170 173
170 174
171 172
171 175
171 801
171 244
171 481
171 694
171 729
172 173
172 175
172 877
172 924
172 617
172 773
173 174
173 176
173 177
173 564
173 939
174 176
174 177
174 557
174 923
174 688
175 176
175 177
175 179
176 177
176 178
176 179
176 391
176 477
176 441
176 831
177 178
177 181
177 874
178 179
178 181
178 660
178 324
178 262
178 265
179 180
179 181
179 182
179 183
180 182
180 183
180 184
180 297
181 182
181 183
181 184
181 185
182 183
182 184
182 185
182 186
182 832
183 184
183 185
183 315
184 187
184 188
184 743
184 622
184 878
185 186
185 188
185 189
185 935
185 639
186 187
186 188
186 190
186 997
186 321
187 188
187 191
187 804
187 672
187 782
188 189
188 190
188 191
188 192
188 842
189 190
189 191
189 193
189 385
190 191
190 193
190 739
190 591
191 192
191 194
191 606
191 589
192 193
192 194
192 196
192 318
192 917
193 194
193 195
193 196
193 197
193 653
194 195
194 196
194 197
194 198
194 788
195 196
195 197
195 198
195 199
196 197
196 198
196 200
196 707
196 563
197 198
197 199
197 200
197 690
198 199
198 200
198 201
198 202
199 200
199 201
199 382
199 592
199 466
200 203
200 204
200 283
200 858
201 203
201 204
201 590
201 253
202 204
202 205
202 206
202 550
202 804
203 204
203 205
203 206
203 207
203 614
204 206
204 208
204 845
204 690
205 206
205 207
205 208
205 209
205 364
205 367
206 207
206 210
206 335
206 993
207 208
207 209
207 210
207 724
207 927
207 795
208 209
208 211
208 212
208 841
209 210
209 211
209 213
209 353
210 211
210 212
210 213
210 214
211 212
211 213
211 214
211 215
211 401
212 214
212 215
212 216
212 330
213 216
213 545
213 860
213 460
213 966
213 602
214 215
214 216
214 217
214 303
214 541
214 999
215 216
215 217
215 218
215 454
215 361
215 343
216 217
216 218
216 219
216 220
216 413
216 865
217 218
217 219
217 220
217 221
217 239
218 219
218 220
218 221
218 507
218 730
219 220
219 221
219 222
219 223
219 515
219 775
219 905
220 223
220 893
220 336
220 288
221 222
221 225
221 673
221 984
221 761
222 223
222 224
222 225
222 226
222 624
222 231
223 224
223 226
223 227
223 739
224 227
224 394
224 886
224 741
224 340
224 856
225 226
225 227
225 228
225 229
225 702
226 228
226 229
226 230
226 516
226 761
226 378
227 228
227 229
227 977
227 807
228 230
228 232
228 714
228 257
229 231
229 233
229 678
229 280
229 789
230 232
230 233
230 234
230 526
231 233
231 234
231 820
232 233
232 234
232 235
232 236
233 234
233 235
233 236
233 567
234 235
234 236
234 238
234 329
234 804
235 236
235 237
235 238
235 239
236 237
236 238
236 240
236 446
237 238
237 239
237 998
237 677
237 570
238 239
238 240
238 242
238 912
239 243
239 699
239 382
240 241
240 243
240 244
240 674
241 424
241 630
241 242
241 789
241 284
242 244
242 245
242 246
243 244
243 247
243 784
243 701
244 245
244 246
244 247
244 248
245 246
245 247
245 248
245 249
246 247
246 250
246 295
246 942
246 391
247 249
247 250
247 251
247 707
247 900
247 465
248 249
248 251
248 252
248 803
249 250
249 251
249 253
249 833
250 251
250 252
250 253
250 254
251 252
251 253
251 254
251 255
251 384
251 524
252 253
252 254
252 255
252 256
252 314
253 254
253 256
253 257
253 265
253 767
253 713
254 257
254 258
254 716
254 770
254 850
255 257
255 259
255 480
255 927
255 371
256 258
256 260
256 277
256 887
256 525
257 258
257 261
257 708
257 467
258 259
258 260
258 261
258 262
258 931
258 951
259 260
259 261
259 262
259 263
260 264
260 396
260 347
260 802
260 517
260 567
261 263
261 731
262 263
262 264
262 266
262 411
262 623
263 265
263 266
263 938
263 661
263 858
264 265
264 266
264 268
264 709
265 267
265 268
265 269
266 267
266 268
266 269
266 375
267 268
267 269
267 270
267 993
267 999
267 308
268 269
268 872
268 932
268 305
269 270
269 271
269 272
269 273
270 273
270 274
270 402
270 810
270 826
270 302
271 272
271 275
271 539
271 331
271 722
272 273
272 275
272 784
272 468
273 274
273 276
273 277
273 887
273 961
274 275
274 276
274 277
274 278
274 846
274 646
274 674
275 276
275 277
275 278
276 277
276 278
276 467
276 615
276 531
276 341
277 281
277 328
277 933
277 368
277 553
278 279
278 281
278 282
278 497
279 280
279 281
279 282
279 283
279 678
280 283
280 284
280 302
281 282
281 283
281 284
281 285
282 283
282 504
282 867
282 718
282 304
282 563
283 284
283 285
283 286
283 287
283 657
283 492
284 286
284 324
284 691
284 806
285 286
285 287
285 288
285 289
285 451
286 287
286 288
286 289
286 522
286 309
287 289
287 290
287 561
287 754
287 746
288 289
288 291
288 292
288 638
288 995
288 788
289 290
289 291
289 292
289 730
289 450
290 291
290 293
290 294
290 733
291 292
291 293
291 294
291 295
292 296
292 874
292 748
293 294
293 296
293 297
293 927
293 443
294 295
294 296
294 297
294 298
295 296
295 297
295 298
295 844
296 297
296 298
296 299
296 631
297 298
297 299
297 300
297 538
298 299
298 300
298 301
298 302
298 714
299 300
299 302
299 303
299 996
299 774
300 301
300 303
300 304
300 554
300 762
300 914
301 302
301 304
301 305
301 431
302 304
302 305
302 944
303 305
303 307
303 421
303 346
304 305
304 306
304 307
304 308
304 949
304 668
305 307
305 308
305 550
305 483
306 307
306 308
306 309
306 310
307 310
307 673
307 522
307 384
308 309
308 312
308 429
308 758
308 380
309 310
309 312
309 313
309 904
310 311
310 312
310 314
310 926
311 312
311 314
311 315
311 784
311 658
311 769
312 315
312 316
312 991
313 314
313 315
313 316
313 317
314 315
314 317
314 318
315 316
315 317
315 318
315 892
316 317
316 318
316 319
316 320
316 662
317 319
317 320
317 916
317 791
318 319
318 322
318 344
318 749
318 983
319 321
319 322
319 390
319 749
320 321
320 322
320 324
320 983
320 383
321 323
321 324
321 325
321 511
322 323
322 324
322 849
322 426
322 907
322 525
323 324
323 326
323 327
323 686
324 474
324 508
325 326
325 327
325 328
325 866
326 330
326 567
326 676
327 328
327 330
327 331
327 830
327 727
328 329
328 330
328 332
329 330
329 332
329 333
329 656
330 332
330 334
330 919
330 874
331 332
331 333
331 334
331 335
331 466
331 451
332 333
332 334
332 335
332 336
333 334
333 335
333 336
333 337
333 412
334 336
334 337
334 338
334 478
334 354
335 336
335 931
335 482
336 337
336 338
336 339
336 340
337 338
337 339
337 340
337 651
337 861
338 339
338 340
338 342
339 341
339 342
339 343
339 663
339 405
340 341
340 342
340 343
340 344
341 342
341 343
341 783
342 344
342 345
342 346
342 867
342 389
343 344
343 346
343 347
343 774
344 347
344 348
344 582
344 658
345 346
345 347
345 348
345 973
345 757
346 347
346 348
346 349
346 350
346 434
346 487
346 979
347 350
347 951
348 349
348 351
348 352
348 949
348 701
348 903
349 350
349 351
349 353
349 823
349 468
350 353
350 354
350 389
350 708
351 352
351 354
351 355
351 852
351 360
351 583
352 354
352 355
352 356
352 713
353 354
353 355
353 356
353 357
354 356
354 357
354 358
354 926
355 356
355 357
355 358
355 359
355 366
356 357
356 358
356 359
356 766
357 724
357 983
357 385
357 826
358 359
358 361
358 362
358 712
358 418
359 361
359 362
359 363
359 463
360 361
360 362
360 374
360 661
361 362
361 365
361 901
361 845
362 363
362 364
362 365
362 366
363 364
363 365
363 367
363 848
364 365
364 366
364 367
364 791
365 366
365 367
365 368
365 369
366 369
366 370
366 516
366 629
366 954
367 368
367 369
367 370
367 835
368 369
368 371
368 372
368 434
369 370
369 371
369 373
369 552
369 440
370 372
370 373
370 857
370 388
370 911
370 660
370 722
371 372
371 373
371 374
372 374
372 375
372 376
372 495
372 506
373 375
373 376
373 377
374 376
374 750
374 577
374 964
374 856
374 397
375 727
375 577
375 403
376 377
376 378
376 380
376 997
377 378
377 379
377 380
377 381
378 379
378 380
378 381
378 978
379 381
379 382
379 383
379 978
380 381
380 382
380 383
380 384
380 576
381 382
381 383
381 384
381 385
381 423
381 464
382 383
382 385
382 386
383 384
383 385
383 386
383 636
383 508
383 716
383 517
384 385
384 386
384 727
384 399
385 386
385 388
385 389
386 387
386 388
386 389
386 390
386 751
387 388
387 389
387 390
387 391
387 469
387 626
388 389
388 390
388 392
389 391
389 392
389 674
389 829
389 835
390 392
390 393
390 394
391 393
391 876
391 880
391 852
391 952
392 393
392 395
392 396
392 425
392 401
393 395
393 396
393 397
393 702
393 413
393 535
394 395
394 396
394 398
394 479
394 981
395 398
395 949
396 397
396 398
396 399
396 400
397 398
397 399
397 400
397 401
397 565
398 399
398 400
398 401
398 402
399 400
399 402
399 403
399 649
400 401
400 402
400 403
400 404
400 755
401 403
401 405
402 403
402 404
402 405
402 406
402 867
403 404
403 405
403 406
403 407
403 568
404 405
404 406
404 407
404 408
405 406
405 407
405 409
406 407
406 408
406 409
406 410
406 991
407 408
407 409
407 410
407 411
408 409
408 410
408 411
408 785
408 962
408 998
409 410
409 412
409 808
409 697
409 538
409 584
410 411
410 413
410 437
410 430
410 501
410 983
411 415
411 862
411 432
412 414
413 414
413 416
414 415
414 417
414 418
414 690
415 416
415 417
415 418
415 419
415 874
416 417
416 418
416 420
416 905
416 827
417 418
417 419
417 420
417 652
417 427
418 420
418 421
419 420
419 421
419 422
419 994
420 421
420 422
420 424
420 561
420 937
421 422
421 424
421 425
421 486
422 423
422 424
422 425
422 426
423 424
423 426
423 427
423 749
424 425
424 426
424 428
424 608
424 754
424 870
424 874
425 426
425 428
425 477
425 885
425 854
425 950
426 427
426 428
426 430
426 502
427 429
427 430
427 449
428 429
428 430
428 431
428 432
429 432
429 906
429 537
429 904
429 582
430 431
430 432
430 434
431 432
431 433
431 434
431 435
432 434
432 435
432 436
432 508
432 925
432 953
432 476
432 590
433 434
433 435
433 471
433 897
434 436
434 851
434 729
434 718
435 436
435 437
435 438
435 439
435 911
436 437
436 438
436 439
436 702
436 938
437 441
437 546
437 634
438 439
438 442
438 703
438 621
438 475
439 440
439 441
439 442
439 670
440 441
440 444
440 810
441 442
441 444
442 443
442 445
442 446
442 914
442 642
443 444
443 445
443 446
443 981
444 446
444 525
445 447
445 448
445 774
445 522
446 447
446 448
446 449
446 516
446 524
446 644
446 581
447 449
447 450
447 451
447 692
447 736
448 449
448 450
448 451
448 452
448 803
448 520
449 450
449 451
449 452
449 453
450 452
450 453
451 453
451 454
451 580
451 791
452 453
452 454
452 455
452 903
452 727
452 919
453 454
453 455
453 456
453 457
453 616
454 456
454 457
454 886
455 456
455 457
455 760
455 754
455 699
455 665
456 457
456 458
456 459
456 940
456 555
457 458
457 459
457 460
457 461
457 693
457 470
458 459
458 460
458 462
458 658
459 460
459 462
459 463
460 461
460 463
460 464
460 808
461 462
461 463
461 464
461 465
461 528
461 752
462 463
462 465
462 466
462 518
462 626
463 464
463 465
463 466
463 467
464 467
464 468
464 749
465 466
465 467
465 469
465 881
465 611
466 467
466 469
466 470
467 468
467 471
467 843
468 469
468 470
468 471
469 471
469 472
469 473
469 506
470 471
470 472
470 474
470 839
470 765
471 472
471 473
471 696
472 473
472 474
472 475
472 476
473 475
473 476
473 477
473 996
474 475
474 478
475 476
475 477
475 577
475 512
475 960
476 477
476 480
476 988
477 479
477 480
477 481
477 849
478 479
478 480
478 972
479 483
479 671
479 845
480 481
480 482
480 484
480 893
480 675
481 482
481 484
481 485
482 484
482 485
482 486
482 713
483 485
483 486
483 586
483 837
484 485
484 487
484 488
485 486
485 487
485 488
485 489
486 487
486 488
486 490
487 488
487 489
487 858
488 489
488 491
488 500
489 490
489 491
489 492
489 493
490 491
490 492
490 922
490 724
490 838
491 492
491 493
491 494
491 495
492 493
492 494
492 496
492 930
493 494
493 496
493 497
493 987
494 496
494 497
494 498
494 977
494 581
495 497
495 498
495 507
495 685
496 497
496 499
496 500
496 803
496 692
496 876
497 498
497 499
497 882
497 661
498 499
498 501
498 740
498 919
499 501
499 502
499 503
499 971
500 501
500 502
500 504
500 964
501 503
501 614
501 891
501 872
501 792
502 503
502 504
502 505
503 504
503 505
503 506
503 507
504 506
504 507
505 506
505 507
505 509
505 690
505 908
506 508
506 509
506 880
507 508
507 509
507 511
507 696
508 509
508 511
508 512
508 776
508 778
509 510
509 511
509 512
509 513
509 757
510 511
510 512
510 513
510 514
511 512
511 513
511 514
512 513
512 514
512 515
512 657
513 514
513 515
513 516
513 517
514 515
514 516
514 517
514 518
515 518
515 519
515 619
516 519
516 546
516 965
516 641
517 518
517 519
517 520
518 519
518 522
518 788
518 803
519 521
519 522
519 523
520 523
520 524
520 936
521 522
521 523
521 524
521 713
522 523
522 524
522 682
522 688
523 525
523 526
523 655
523 827
524 525
524 527
525 526
525 527
525 528
525 752
526 527
526 528
526 529
526 530
526 951
526 638
527 528
527 529
527 741
527 666
528 530
528 531
528 532
529 530
529 531
529 533
529 950
530 531
530 533
530 534
530 560
530 882
531 532
531 533
531 535
531 952
531 711
532 533
532 534
532 536
532 984
533 534
533 535
533 536
533 537
534 535
534 536
534 537
534 538
534 595
535 536
535 537
535 538
535 984
536 538
536 539
536 540
536 825
536 546
537 540
537 541
537 606
538 539
538 620
538 886
539 541
539 977
539 906
540 541
540 542
540 543
540 544
541 542
541 543
541 544
541 982
541 865
542 543
542 544
542 545
542 546
542 600
542 700
543 544
543 545
543 546
543 547
543 746
544 545
544 546
544 547
544 548
545 546
545 547
545 548
545 860
546 548
546 549
546 860
546 744
546 673
547 549
547 551
547 754
548 550
548 551
548 552
549 550
549 551
549 552
549 553
549 949
550 551
550 552
550 553
550 772
551 553
551 554
551 555
551 795
552 553
552 555
552 556
552 679
552 903
552 995
553 554
553 555
553 556
554 556
554 557
555 556
555 557
555 558
555 559
555 747
555 581
556 557
556 558
556 559
556 560
556 740
557 558
557 748
557 924
558 559
558 560
558 561
559 560
559 561
559 563
559 854
560 561
560 562
560 564
560 806
561 562
561 565
561 591
562 564
562 566
562 693
562 956
563 564
563 565
563 566
563 567
563 712
564 566
564 567
564 568
564 659
565 568
565 569
565 951
566 567
566 569
566 570
567 568
567 570
568 569
568 571
568 572
569 571
569 572
569 573
569 673
569 597
570 571
570 572
570 575
571 574
571 575
571 675
571 954
571 677
572 574
572 575
572 576
572 650
572 658
572 976
573 574
573 575
573 576
573 577
573 825
573 925
574 575
574 576
574 619
574 973
575 577
575 578
575 579
575 615
575 992
576 577
576 579
576 580
577 580
577 581
578 579
578 580
578 581
578 582
579 580
579 581
579 582
579 583
579 918
580 581
580 584
581 584
581 746
581 617
582 583
582 585
582 629
583 584
583 585
583 587
584 585
584 587
584 638
585 586
585 587
585 588
585 589
585 609
586 587
586 588
586 590
586 811
587 591
587 826
587 785
587 760
588 589
588 591
588 592
588 615
588 620
589 591
589 592
589 693
589 895
590 594
590 614
590 632
591 592
591 593
591 595
591 926
592 593
592 594
592 595
592 596
592 953
593 594
593 596
593 597
594 595
594 596
594 746
594 614
594 916
595 597
595 598
595 599
595 912
596 597
596 599
596 600
596 857
597 599
597 600
597 961
598 600
598 602
599 600
599 601
599 603
599 953
600 602
600 603
600 934
601 603
601 604
601 605
601 749
602 603
602 604
602 757
602 613
603 604
603 607
603 649
603 974
604 605
604 606
604 607
605 606
605 608
605 609
605 761
606 607
606 610
606 902
606 787
607 608
607 609
607 610
607 611
607 733
608 610
608 611
608 612
608 843
609 610
609 611
609 613
609 657
609 764
610 612
610 613
610 614
610 854
611 614
611 615
611 934
612 613
612 615
612 616
612 829
612 746
613 616
613 634
613 866
614 615
614 617
614 697
615 616
615 619
615 917
616 618
616 619
616 620
617 619
617 620
617 702
617 725
618 620
618 622
618 881
618 909
619 620
619 623
619 645
620 621
620 622
620 623
620 821
621 622
621 623
621 779
621 843
622 623
622 625
622 698
622 880
623 624
623 627
623 693
624 625
624 628
624 950
625 626
625 627
625 628
625 629
625 986
626 627
626 629
627 628
627 630
627 631
627 714
628 629
628 630
628 632
628 699
628 638
629 630
629 631
629 633
630 632
630 633
630 814
630 869
630 935
631 632
631 633
631 634
631 635
632 633
632 634
632 636
632 741
633 634
633 636
633 853
634 635
634 636
634 637
634 638
634 687
635 636
635 637
635 638
635 639
636 638
636 639
636 640
636 684
637 638
637 641
638 639
639 641
639 642
639 829
640 641
640 642
640 643
640 644
641 642
641 643
641 644
642 643
642 817
642 749
642 965
643 644
643 646
643 866
644 645
644 646
644 648
644 731
645 646
645 647
645 648
645 649
645 661
646 647
646 648
646 650
646 868
647 648
647 649
647 650
647 651
647 671
648 649
648 650
648 651
648 652
648 937
649 651
649 652
649 653
649 658
650 651
650 653
650 654
650 750
651 653
651 654
651 655
652 653
652 654
652 655
652 656
653 654
653 655
653 657
654 655
654 656
654 657
654 658
655 657
655 658
655 939
655 821
656 657
656 659
656 660
657 658
657 661
659 660
659 662
659 791
660 661
660 662
660 663
660 967
661 664
661 740
662 663
662 664
663 664
663 667
663 933
663 665
664 666
664 667
664 988
665 666
665 667
665 668
666 667
666 669
666 670
666 989
666 865
667 668
667 671
667 937
668 669
668 671
668 672
668 697
669 670
669 671
669 672
669 673
670 671
670 672
670 673
670 674
670 821
671 672
671 673
671 674
671 949
672 674
672 675
672 958
672 797
673 674
673 676
674 675
674 676
674 678
674 896
674 868
675 677
675 761
675 695
676 677
676 678
676 679
676 680
677 678
677 679
677 681
678 680
678 682
679 681
679 682
679 768
679 752
680 681
680 682
680 683
680 684
680 711
681 682
681 683
681 684
681 685
681 755
682 684
682 685
682 686
682 745
683 685
683 687
683 735
683 975
683 739
684 685
684 686
684 820
685 686
685 688
685 689
685 970
685 745
686 688
686 689
686 690
686 966
686 715
687 688
687 690
687 691
688 689
688 690
689 690
689 692
689 693
689 800
689 851
690 692
690 693
690 694
690 798
691 693
691 694
691 695
692 693
692 694
692 696
692 763
693 694
693 827
693 835
693 943
693 784
694 695
694 697
694 698
695 696
695 697
695 698
695 699
695 982
695 987
696 698
696 699
696 700
696 973
697 698
697 699
697 701
698 699
698 700
698 701
698 702
698 879
699 700
699 701
699 703
699 822
700 701
700 702
700 704
701 702
701 704
701 705
701 927
701 753
702 704
702 705
702 706
703 704
703 707
703 877
704 705
704 706
704 708
704 854
704 965
705 709
705 878
705 788
705 971
706 707
706 708
706 709
706 710
707 709
707 710
707 711
708 709
708 710
708 711
708 712
709 710
709 711
709 712
710 711
710 712
710 713
710 714
710 729
711 712
712 713
712 714
712 716
714 715
714 716
714 718
715 716
715 718
715 719
716 717
716 718
716 720
716 817
716 952
717 718
717 720
717 721
718 719
718 721
718 722
718 946
719 720
719 721
719 722
719 723
720 721
720 722
720 723
720 724
721 722
721 723
721 724
721 725
722 723
722 724
722 725
723 724
723 725
723 726
723 727
724 725
724 727
725 726
725 728
725 729
725 971
726 727
726 728
726 729
726 787
726 836
727 728
727 730
727 812
728 729
728 730
728 731
728 732
729 732
729 733
729 947
730 731
730 732
730 733
730 734
731 732
731 733
731 734
732 733
732 734
732 735
732 736
733 734
733 795
733 966
734 735
734 736
734 737
734 738
735 736
735 737
735 738
735 739
735 776
736 737
736 740
737 738
737 899
737 941
737 826
737 879
738 739
738 740
738 741
738 935
739 740
739 741
739 742
739 743
739 944
739 909
740 742
740 744
741 742
741 743
741 745
742 743
742 745
742 746
743 744
743 745
743 746
743 747
744 745
744 746
744 748
745 746
745 747
745 748
746 748
746 750
746 846
747 749
747 750
747 751
747 911
747 937
748 749
748 750
748 948
748 794
749 751
749 752
750 751
750 752
750 753
750 814
750 984
751 752
751 754
751 755
751 980
752 753
752 754
753 755
753 757
754 756
754 757
754 758
755 756
755 759
756 757
756 758
756 759
756 760
756 788
757 759
757 761
758 759
758 761
758 762
758 926
759 760
759 762
759 763
759 981
760 762
760 764
761 765
762 763
762 764
762 765
762 766
762 998
763 764
763 766
763 767
764 765
764 766
764 768
765 766
765 767
765 768
766 767
766 768
766 769
766 871
767 768
767 769
767 770
767 771
768 770
768 771
768 772
769 770
769 772
769 773
770 771
770 773
770 774
770 961
770 891
771 773
771 774
771 775
771 906
772 773
772 776
772 789
772 858
773 774
773 776
773 777
773 948
773 989
774 775
774 776
774 778
775 776
775 778
775 779
776 779
777 778
777 779
777 780
777 956
778 779
778 781
778 782
779 780
779 781
779 783
779 788
780 781
780 782
780 783
781 782
781 783
781 784
781 785
782 783
782 784
782 785
783 784
783 785
783 786
783 787
784 786
784 787
785 786
785 788
785 789
786 787
786 788
786 789
786 790
787 789
787 790
787 791
787 996
788 789
789 790
789 791
789 793
789 876
790 791
790 792
790 793
790 794
791 794
791 795
792 793
792 794
792 795
793 794
793 795
793 841
793 848
794 795
794 796
794 797
794 798
794 844
794 998
795 796
795 798
795 814
796 797
796 798
796 799
797 798
797 799
797 800
797 801
798 799
798 800
798 802
798 994
798 809
799 801
799 803
799 885
799 898
800 801
800 802
800 803
800 804
801 803
801 804
801 805
802 803
802 805
802 806
803 807
803 812
804 807
804 808
804 937
805 806
805 808
805 809
806 807
806 808
806 810
806 968
807 808
807 809
807 810
807 811
808 810
808 811
808 812
809 810
809 811
809 812
810 811
810 812
810 813
810 814
810 976
811 812
811 813
811 855
812 813
812 815
812 816
813 814
813 815
813 816
813 817
814 816
814 818
815 816
815 817
815 818
815 893
816 817
816 818
816 819
816 820
817 820
817 821
817 922
818 819
818 820
818 822
818 847
819 820
819 821
819 822
819 823
820 821
820 822
820 823
820 989
821 822
821 825
822 824
822 826
822 939
823 824
823 825
823 826
823 827
824 826
824 828
825 826
825 827
825 829
826 827
826 829
826 830
827 829
827 831
828 829
828 830
828 831
828 832
829 830
829 831
829 833
830 832
830 833
830 834
831 832
831 873
832 833
832 834
832 836
833 837
833 930
834 836
834 837
834 850
835 836
835 927
836 837
836 838
836 839
836 840
836 871
837 838
837 839
837 840
837 842
838 839
838 840
838 841
838 842
839 840
839 842
839 843
839 956
840 841
840 842
840 843
840 844
841 842
841 843
841 844
841 845
841 883
842 843
843 845
843 846
844 845
844 846
844 848
844 977
845 846
845 847
845 848
845 849
846 847
846 849
847 848
847 850
847 937
848 849
848 850
848 851
848 852
849 850
849 851
849 853
850 851
850 852
850 853
851 855
851 948
852 853
852 854
852 855
852 856
853 854
853 856
853 857
853 896
854 855
854 857
854 858
855 856
855 857
855 858
856 857
856 858
856 859
857 858
857 859
857 860
857 861
858 859
858 862
859 860
859 861
859 862
859 863
860 862
860 863
860 864
861 862
861 863
861 864
861 865
862 863
862 865
862 866
862 869
863 864
863 865
863 866
863 867
864 865
864 866
864 867
864 901
865 866
865 868
866 867
866 868
866 869
866 870
867 869
867 870
868 869
868 871
869 871
869 872
869 873
870 871
870 872
870 874
870 985
871 872
871 873
871 875
871 987
872 873
872 874
872 875
872 876
873 874
873 876
873 877
874 875
874 877
875 877
875 878
875 879
876 877
877 879
877 880
877 881
877 993
878 880
878 881
879 880
879 882
879 883
880 884
880 947
880 892
880 904
881 883
881 884
881 885
882 884
882 885
883 885
883 886
883 887
884 885
884 886
884 887
884 888
885 886
885 887
885 888
886 888
886 889
886 890
887 889
887 890
887 891
888 889
888 890
888 891
888 892
889 890
889 891
889 892
889 893
890 891
890 892
890 893
890 894
891 892
891 893
891 894
892 893
892 895
893 894
893 895
893 896
893 897
894 895
894 896
894 897
894 898
895 896
895 897
895 898
895 992
896 899
896 900
897 898
897 899
897 900
897 901
898 899
898 900
898 901
898 902
898 924
899 900
899 901
899 902
899 903
900 901
900 903
900 904
901 902
901 904
901 905
902 903
902 904
902 906
903 904
903 905
903 906
904 905
904 906
904 907
905 906
905 907
905 909
906 907
906 908
906 909
906 910
907 908
907 909
907 910
907 911
907 975
908 909
908 910
908 911
908 912
909 910
909 911
909 913
910 911
910 912
910 913
910 914
911 913
911 915
912 913
912 915
912 916
913 914
913 915
913 916
913 917
914 915
914 916
914 981
915 916
915 917
915 918
915 919
916 918
916 919
917 918
917 919
917 920
917 921
918 919
918 920
918 921
919 920
920 921
920 923
920 924
920 958
921 922
921 923
921 924
921 925
922 923
922 925
922 926
923 924
923 925
923 927
924 926
924 927
925 927
925 928
926 927
926 928
927 929
927 931
928 929
928 930
928 931
928 932
929 930
929 931
929 933
930 931
930 932
930 933
931 932
931 933
931 935
932 933
932 934
932 935
932 936
933 934
933 935
933 936
933 937
934 935
934 936
934 937
934 938
935 937
935 939
935 945
936 937
936 939
936 940
938 940
938 941
939 940
939 941
939 942
939 943
940 942
940 944
941 944
941 945
942 943
942 945
942 946
943 944
943 946
943 947
943 956
944 945
944 947
944 948
945 946
945 947
945 948
945 949
946 947
946 948
946 949
946 950
947 948
947 949
947 950
947 951
948 949
948 951
948 952
949 951
950 951
950 952
950 954
951 953
951 955
951 990
951 974
952 953
952 956
953 955
953 956
954 956
954 957
955 956
955 957
955 958
955 959
956 958
956 960
957 958
957 959
957 960
957 961
958 959
958 961
958 962
959 960
959 961
959 962
959 963
960 961
960 962
960 963
961 962
961 963
962 963
962 965
962 966
963 964
963 965
963 966
963 967
964 965
964 967
964 968
964 984
965 966
965 967
966 967
966 969
967 969
967 970
967 971
968 970
968 971
968 972
969 970
969 971
969 972
969 973
970 971
970 972
970 973
970 974
971 975
972 973
972 974
972 975
972 976
973 974
973 975
974 975
974 976
974 978
975 978
975 979
976 977
976 978
977 978
977 979
978 979
978 980
978 981
979 980
979 981
979 982
979 997
980 981
980 982
980 983
981 983
981 984
982 986
983 985
984 985
984 988
985 986
985 988
985 989
986 987
986 988
986 990
987 991
988 989
988 990
988 992
989 991
989 992
990 993
991 992
991 993
991 994
992 993
992 994
992 995
993 995
993 997
994 996
994 997
994 998
996 997
996 998
998 999
