0 70
0 6
0 87
0 28
70 12
6 85
6 12
87 12
87 88
1 66
66 12
66 20
2 89
89 12
89 26
89 64
89 93
3 61
3 46
61 4
61 80
46 13
46 75
46 69
5 81
81 69
12 9
12 10
12 11
12 49
12 31
12 25
12 73
12 62
12 32
12 99
12 95
12 84
12 78
12 82
12 22
12 21
12 57
12 51
12 90
12 71
12 24
7 73
73 54
8 27
27 96
10 92
10 43
92 17
92 39
92 47
92 76
31 59
25 45
25 94
62 15
62 34
32 55
32 52
84 50
22 44
21 97
24 58
24 33
13 91
91 83
14 69
69 41
16 54
16 86
54 94
18 55
19 60
60 53
20 48
23 35
23 41
29 30
29 37
29 77
29 67
77 98
36 68
36 96
68 53
38 74
74 56
74 72
40 80
41 67
41 79
41 56
79 96
42 64
42 88
42 72
72 93
50 63
65 96
