0 40
1 288
2 221
3 167
3 172
4 107
5 256
5 48
6 105
7 336
8 185
8 357
9 407
9 85
10 454
10 359
11 321
11 453
12 79
12 219
12 435
13 116
13 442
13 72
14 247
15 443
16 63
17 254
18 51
18 411
19 218
20 350
20 167
21 138
21 32
21 183
21 313
22 83
22 327
23 205
24 343
25 223
26 63
26 32
27 441
28 243
28 140
29 293
29 217
29 148
30 460
30 262
31 252
33 377
34 71
35 230
36 245
37 329
38 303
39 398
39 237
40 172
40 276
40 110
41 193
41 146
41 388
42 154
43 276
44 261
44 446
45 490
46 76
47 272
47 150
48 272
49 448
50 322
50 445
50 408
51 303
51 89
52 314
52 463
52 107
53 438
53 141
54 321
54 361
55 211
56 173
56 159
56 420
56 367
56 85
57 77
58 295
59 87
59 62
59 365
60 86
61 154
61 337
63 238
64 438
65 461
65 473
66 396
66 467
67 485
67 146
68 180
69 233
69 270
69 132
70 189
70 480
70 184
70 260
71 444
71 415
72 267
73 261
73 220
74 182
75 442
75 114
75 274
76 131
76 450
76 273
77 109
78 192
78 103
80 308
81 316
81 323
82 145
83 145
84 239
84 456
84 121
84 257
84 217
84 213
85 446
86 472
86 236
87 210
88 381
88 144
88 374
88 385
89 212
89 290
90 191
90 223
90 389
90 224
90 310
91 303
92 152
93 233
94 388
95 266
96 344
97 330
97 403
98 137
99 130
100 303
100 358
101 160
101 140
101 252
101 326
102 402
103 170
103 205
104 318
104 306
104 455
104 218
105 388
106 139
108 197
109 184
110 125
110 198
111 210
111 457
112 317
113 485
114 156
114 178
115 197
116 325
117 371
118 406
118 362
119 496
119 300
119 151
120 180
121 164
122 340
122 436
123 296
123 200
123 363
123 274
123 331
124 413
124 427
125 316
125 196
125 332
125 355
126 385
126 320
127 259
127 434
127 231
128 145
128 481
129 319
130 246
130 148
132 453
132 336
132 147
133 478
134 205
135 255
135 469
135 234
136 203
137 147
139 421
141 291
141 247
141 228
142 470
142 403
143 416
144 491
148 158
149 347
151 399
151 468
152 449
152 405
153 267
153 197
154 176
155 494
155 258
157 248
158 299
161 288
161 499
161 489
162 291
163 442
164 393
165 273
166 407
166 210
167 333
168 250
169 321
169 382
170 433
171 275
171 497
171 263
171 382
171 202
173 264
174 493
175 469
176 377
177 219
178 216
179 255
180 304
180 222
180 305
181 360
182 268
183 204
186 213
187 201
187 499
187 490
188 313
190 228
192 439
194 437
195 473
195 330
199 321
200 269
201 232
202 417
203 376
206 233
207 381
208 266
209 366
211 300
213 467
214 475
214 254
215 282
215 428
219 335
219 451
219 465
221 290
222 488
223 242
225 351
225 287
225 397
226 479
226 274
227 493
227 231
228 466
229 382
230 483
230 350
232 277
232 371
232 423
234 301
234 440
234 492
235 311
235 413
235 471
236 359
236 493
237 478
237 281
240 285
240 370
241 379
241 320
244 247
245 469
246 441
248 458
248 269
249 423
249 351
250 440
251 424
251 447
251 387
253 335
253 426
254 368
255 409
255 369
258 431
259 357
259 421
260 418
262 345
262 344
262 432
262 307
264 404
265 417
266 407
267 312
268 412
271 409
272 380
273 495
274 410
277 466
278 375
278 327
279 356
279 419
280 495
280 430
282 354
283 447
283 464
284 487
284 437
284 376
285 326
286 385
286 422
286 439
287 313
289 468
289 448
289 359
289 462
290 471
290 482
292 308
292 470
294 394
295 422
296 411
297 467
298 401
302 386
302 339
305 345
309 391
312 453
315 441
317 326
318 418
319 340
320 477
321 348
321 478
324 411
326 354
328 340
328 401
329 488
334 389
334 353
335 384
336 416
337 452
337 475
338 448
340 402
340 414
341 398
342 354
343 404
345 399
346 493
347 465
348 356
349 405
349 484
352 492
353 391
353 486
360 431
364 435
366 471
372 388
373 486
373 387
374 443
378 405
378 498
379 408
380 438
383 493
384 474
386 395
386 479
387 459
387 388
387 467
390 490
392 438
394 459
397 463
397 473
400 497
406 426
408 428
408 418
412 446
412 425
415 487
415 464
423 492
424 435
425 484
425 482
428 492
428 482
429 461
430 459
431 481
436 494
452 498
459 484
462 471
468 483
476 499
481 482
