9.226123020284157761e+00
1.017878334127443019e+01
9.167390472894224374e+00
9.971213749885553312e+00
9.276298691916759154e+00
9.184331990323055805e+00
9.788060199450733023e+00
1.006453861169335262e+01
1.045719915271249789e+01
9.410559128427195219e+00
9.239355973924364918e+00
9.492720735923484199e+00
1.014818369920771346e+01
1.009354844549438823e+01
1.014392556166595938e+01
9.871983167708615170e+00
1.005029917102718429e+01
1.002974100355080367e+01
1.019825259371953941e+01
9.752433217477317839e+00
1.015784702853892441e+01
9.132736098942041636e+00
9.412529295450946520e+00
9.478320994730035309e+00
9.281563699071247342e+00
9.952101630301031676e+00
9.978148358829722397e+00
9.941342271967368305e+00
1.012148042344082555e+01
9.533418551408715302e+00
9.730862593999178856e+00
1.033699564862629039e+01
1.022173881245048577e+01
1.039015925554792652e+01
8.640583931354358427e+00
9.283885941803198705e+00
9.937957606406511601e+00
1.042800249647595656e+01
1.039027428654508434e+01
1.038962956534705029e+01
9.952560509658686883e+00
9.284778310687803682e+00
9.254588318700978533e+00
1.117667657423104544e+01
1.009857285548127415e+01
1.032757014760410641e+01
1.003919204224509443e+01
9.356012516299571757e+00
9.566614798570649114e+00
1.008078683509112672e+01
9.972746736139251666e+00
9.291587076105177090e+00
9.414223780177211509e+00
9.177888010159460208e+00
1.013363454043745016e+01
9.114167377942170134e+00
9.628186451534610057e+00
9.327594685590280932e+00
9.209319368326193356e+00
9.073796341525646625e+00
9.412103383815113133e+00
9.456572475245470955e+00
1.008398630519586980e+01
9.507067320750568484e+00
9.589128529980056825e+00
9.590195305673123727e+00
9.160617201161164402e+00
1.020053109721314399e+01
9.723706428169275995e+00
9.504922995996144763e+00
1.073174279601965431e+01
1.026685572117238365e+01
9.412039213396923287e+00
9.875107558648744899e+00
9.566573417049559325e+00
9.415013883382316706e+00
8.693618855469972928e+00
1.013540519282413044e+01
1.001782856769032293e+01
9.979339113988647370e+00
1.016963443676696777e+01
1.009888407369402685e+01
9.492220730528027062e+00
9.515095803313675660e+00
1.011206402156538076e+01
1.016282148292170184e+01
1.014016498311329606e+01
9.368546988154305311e+00
1.022823002701046846e+01
9.237919551284070607e+00
9.803120222962208530e+00
9.899954860958356306e+00
9.516874209035789178e+00
9.788723895311155943e+00
9.905882882728947791e+00
1.007912198164351913e+01
9.262287128758389443e+00
9.202873561818822878e+00
1.018930194354418006e+01
9.360960698967343063e+00
9.660500174758652747e+00
1.025818879071757728e+01
9.286626458738446388e+00
9.268700555367441751e+00
9.745855368389094053e+00
9.124664417886828360e+00
9.457845167808356379e+00
9.883182247928804287e+00
9.652074337298429896e+00
1.101593008103217564e+01
1.026891269311073884e+01
9.366722260127628985e+00
9.411661534907771909e+00
9.741810863675596011e+00
9.467822735122799926e+00
9.455100503773543608e+00
9.292436077602818756e+00
9.515572291514976300e+00
1.031609842170938407e+01
9.410445547661835164e+00
8.691430653103074278e+00
9.816248882480861582e+00
9.411302140225254576e+00
1.025711088939055138e+01
9.833076576797090240e+00
9.566196490652073336e+00
1.027052860517535393e+01
1.019342875504594481e+01
9.132466744949635284e+00
9.862520385045611349e+00
9.848152821835919113e+00
1.013168427717748621e+01
9.253624964324076885e+00
9.529916028946329831e+00
9.960528309585967577e+00
9.207268411163276767e+00
9.463370747564320951e+00
9.456765293827345431e+00
9.682655499180127023e+00
1.028435972602497728e+01
9.152330814081508947e+00
9.629903458551702045e+00
9.388529736719585017e+00
1.002734364458578753e+01
9.701882667382180969e+00
9.331107247632330015e+00
9.736473629111895178e+00
9.286148099542947065e+00
9.068170505153231531e+00
9.589428554674643834e+00
9.677339521898469243e+00
1.041453396692191902e+01
9.436472020200724842e+00
9.500654099462062518e+00
9.704710789763044687e+00
1.019460211568154939e+01
9.773217033556012012e+00
9.282497578927209503e+00
9.451641476999339986e+00
9.868469635229628167e+00
9.539403520896346578e+00
1.024212913328118191e+01
1.045857635118750828e+01
9.454392810587286533e+00
9.876339032017304120e+00
9.357565477913604823e+00
9.734681267890270107e+00
9.826480404213370434e+00
9.234661332563037561e+00
9.394130506102886358e+00
9.280400393657737723e+00
9.143385622838753335e+00
9.616734942629806326e+00
9.897426845367649051e+00
1.017300771224037526e+01
9.414737269718070678e+00
1.079237472989761315e+01
8.895064594044852058e+00
9.872289683979548869e+00
1.021181888048687014e+01
1.013858538360280725e+01
9.666124245700915552e+00
9.410843572555451786e+00
9.623590871527920143e+00
9.185398410955295745e+00
1.028334277071645531e+01
1.038041574098757636e+01
1.011925565005754102e+01
1.019766449800626162e+01
9.302075344098049925e+00
9.683742184071517656e+00
8.916084998108928517e+00
8.694558609208787203e+00
9.459948782788412558e+00
8.911970437423294200e+00
9.309113302645910082e+00
1.008929609726543042e+01
9.494121124320518135e+00
9.391339584808591212e+00
9.222626128176351301e+00
9.067451854093400598e+00
9.567163935374539463e+00
9.309138296356204378e+00
1.019551203441357146e+01
1.028514186681620757e+01
1.016306027725069505e+01
1.045749660867633857e+01
9.434085161634929051e+00
1.014976491739909648e+01
9.252230964953145786e+00
9.468611185359655735e+00
9.710746210697557501e+00
9.389226156228371423e+00
1.028484737304366803e+01
9.364477727062981316e+00
9.139870242777830001e+00
1.016497331666721315e+01
1.011588667421948884e+01
9.524406503518275002e+00
1.017575385232339968e+01
9.384729448265808571e+00
1.012853332774980863e+01
1.000899952096342282e+01
9.598729602796099769e+00
9.655467617752323761e+00
1.030448175657193310e+01
9.564795987827617196e+00
9.975514554888516017e+00
9.937301041044165117e+00
9.578920344409290522e+00
9.874450308549137745e+00
1.029614187413546489e+01
9.031452566130418802e+00
9.619241431999297376e+00
9.064986130695032784e+00
8.690683117608735131e+00
9.471983417255319893e+00
9.746192124054580574e+00
1.013857936612919097e+01
9.977609562097384810e+00
9.283775297594681675e+00
9.409772378380100832e+00
9.082118302282355060e+00
9.359856034960596816e+00
9.999176623436483169e+00
9.084773965284121289e+00
9.411522271042555232e+00
9.413945933396389520e+00
9.414145734948094812e+00
9.843188457832173555e+00
9.868844465891875473e+00
1.049946247688004597e+01
8.887548431766051138e+00
1.033856654142882370e+01
1.051983053396996937e+01
9.212912188972957495e+00
1.014700105544879527e+01
1.052131112458147477e+01
1.019005358453134313e+01
1.042976491750791013e+01
9.409776062636966643e+00
9.313977035621400447e+00
1.029322826407830860e+01
9.991292746162523386e+00
1.020105270768325312e+01
1.028537407897572642e+01
1.021841298805031251e+01
9.413278514329082469e+00
9.463130236718020782e+00
8.950318422827454157e+00
1.021138732752516098e+01
9.305983264010334821e+00
9.634108858951899279e+00
9.976025111061577633e+00
1.042749308480339465e+01
9.865125971998981669e+00
1.008146544904259834e+01
9.974999057367673672e+00
1.005223830681089581e+01
9.714182655729752369e+00
9.804190488841697970e+00
9.382251911909442299e+00
9.819804807052864959e+00
9.245217307793499373e+00
9.433891861472158524e+00
9.267440552870873205e+00
9.669317458732269444e+00
9.744678586419341926e+00
9.658307083416200811e+00
1.104892704973037354e+01
9.408989651440567314e+00
9.725565660616066310e+00
1.010450201367694234e+01
9.413094017046727657e+00
1.031468709298803432e+01
1.001658358694178652e+01
1.022072784567450121e+01
1.038860200836769998e+01
9.461642898961372339e+00
9.412803214945377306e+00
9.558311012613224023e+00
1.025429608815161941e+01
9.225883297439859021e+00
9.276709421620271456e+00
1.009339403949150515e+01
9.541255050303417917e+00
9.148230415228107759e+00
9.413631828390986556e+00
8.871510953205694605e+00
9.664436135421365037e+00
1.027193189486597191e+01
9.409108387690832132e+00
9.659311360203297170e+00
9.408973939148710386e+00
9.485791706818403668e+00
9.405119167655721313e+00
1.011474628765986061e+01
9.412919736852051855e+00
9.265771582264179074e+00
1.023696910734550514e+01
9.619550802021674230e+00
1.000907476029714971e+01
9.884875354415331827e+00
9.129426052808014447e+00
1.026823169547418502e+01
9.077321767006841569e+00
9.371605167269102310e+00
9.601669098867740004e+00
1.042814676812482766e+01
9.472720497568341003e+00
1.015659333194652802e+01
9.874821464596065468e+00
9.411769744071539989e+00
9.253298708481414891e+00
9.412680434995996492e+00
1.028548295924276346e+01
9.918213287292500624e+00
9.267832403676273145e+00
9.460367392498449490e+00
9.918690555060628355e+00
9.601985116675932019e+00
9.368216331680683240e+00
1.034423823580397439e+01
1.013323632884410586e+01
9.388487438436332155e+00
9.937268002704497505e+00
9.389280192073115927e+00
9.867926104841977519e+00
9.394895090711642638e+00
9.110499052572224699e+00
1.021941304218916535e+01
9.493938529475673960e+00
9.917699276853280566e+00
9.346419362512417450e+00
1.012678288873423327e+01
1.008348365986398676e+01
1.007074237144485807e+01
9.850350849525293384e+00
9.414677711589252596e+00
1.028377260123346559e+01
1.028692354900059769e+01
9.562473390614545821e+00
9.604869976949945709e+00
1.015160365726878311e+01
1.025979773459045319e+01
1.010645181909537449e+01
1.017481002540767321e+01
9.968193270534671413e+00
9.525022414898735690e+00
9.461835288162735225e+00
9.413459249893454839e+00
9.864195229120316100e+00
1.005888283546832795e+01
1.003648219702662558e+01
8.950905168498207942e+00
9.400148160326066815e+00
9.402951336444557384e+00
1.027976404453285220e+01
9.411224412244873605e+00
9.116543384391169624e+00
9.870149486637210146e+00
9.594349070445725047e+00
1.028653430235636002e+01
1.040161355040012481e+01
9.409691645464043575e+00
9.746540476672542752e+00
1.010827712001534096e+01
9.411199216283392843e+00
1.033511319766718017e+01
9.152109976077726472e+00
1.059401730339879322e+01
9.413431801229391382e+00
1.047680919756195550e+01
1.002898981686369417e+01
9.459106732087594338e+00
9.715253694562864695e+00
9.412265113198420963e+00
9.589271890649953889e+00
1.040456018698677809e+01
1.027242631263672479e+01
9.707627234608189326e+00
1.002064166991360494e+01
1.025843561592931685e+01
1.079349570913008804e+01
1.002834888161725502e+01
9.161219306329854817e+00
1.000976805188703089e+01
1.074838896656026321e+01
9.348944260086133440e+00
9.976964127643954683e+00
1.014527546002134351e+01
8.861795005764530941e+00
9.745972332950708861e+00
1.008126308803757354e+01
1.029515294395233838e+01
1.101035007665200816e+01
9.387707325912160172e+00
9.232317404849405662e+00
1.028484792972562012e+01
9.670731440190202477e+00
9.043791735041036617e+00
1.009932363333713212e+01
1.002336500481855452e+01
9.345381787435286469e+00
1.007098569519745723e+01
1.065978273686366684e+01
1.023193740769072413e+01
1.005493921160077342e+01
1.023767364163888338e+01
1.014283054956367280e+01
9.452483529863311418e+00
9.740298734565886463e+00
1.082763373653784100e+01
9.655150316768144947e+00
9.274105220743875222e+00
1.008912426993209444e+01
1.028609567916362622e+01
8.693503626357051317e+00
9.512157119232607982e+00
9.409898474142902813e+00
9.378436769349841384e+00
1.002943375611217647e+01
9.411235370110322407e+00
9.976823904301767243e+00
1.038801621238495798e+01
9.156089083646756777e+00
9.772482780108504130e+00
1.076851095909070644e+01
1.045872041443813494e+01
1.127774312796221068e+01
9.255742938439587064e+00
9.959110169933511614e+00
9.461000567982528864e+00
1.009129638948041752e+01
1.022578679207053476e+01
9.677399880555769940e+00
1.036276245034166799e+01
1.054915494342138693e+01
9.220714738946309552e+00
1.026025279962948034e+01
9.976459064706304503e+00
1.022076925100151712e+01
9.862711466664729087e+00
1.088985254493353594e+01
9.699029789296076842e+00
9.409798504896404125e+00
8.959389410466259918e+00
9.806030105995231949e+00
1.007635319001573215e+01
9.758138424211853845e+00
1.042916713596237166e+01
9.071481219260904894e+00
9.886279958196592332e+00
9.799079520133696874e+00
9.400263247714059744e+00
9.828303198961860332e+00
1.015490465538733567e+01
9.759782359919499939e+00
9.688795953501195157e+00
9.495378126636463634e+00
9.779270864321095047e+00
9.362325893981889635e+00
9.943427138010724420e+00
1.022062472060448179e+01
9.737411146023697839e+00
1.033059880116704576e+01
9.403757946329026396e+00
9.523134648839814531e+00
9.302863114234225961e+00
9.123235509502602980e+00
1.024215893689687995e+01
9.408086947521542953e+00
9.241623897247629671e+00
1.011863232050492201e+01
1.024609362615959363e+01
9.583990597676534051e+00
9.119652637432704267e+00
9.977588108760475194e+00
9.975765367265948314e+00
1.050342250338927741e+01
9.414859253116327764e+00
9.683483864074498015e+00
9.409824991916382331e+00
9.410083694096535112e+00
1.026091580360575328e+01
1.076431092830579139e+01
9.646081586154391374e+00
9.887630807371621700e+00
1.035093564881694839e+01
9.420181422555653938e+00
1.042994164993754858e+01
9.284086054284246714e+00
1.060853035432790215e+01
1.037066379111774772e+01
1.015905904553945938e+01
9.821243008993789658e+00
8.689638957850839063e+00
8.696300505859872132e+00
1.002658434018110789e+01
9.459349625136992401e+00
9.233009189933387262e+00
1.069746062012414178e+01
1.114539713622933981e+01
9.947347137654853455e+00
1.028016112302566576e+01
1.050353602450420887e+01
9.734868927030490227e+00
9.284754988023570021e+00
9.469916372967874807e+00
1.001598379089145041e+01
1.053296066147283128e+01
1.025889317722203842e+01
1.041420160482692658e+01
9.944724718446211753e+00
1.042542054691570819e+01
9.979344976312638948e+00
1.033143672392627366e+01
9.412622505221477809e+00
9.309481333801112868e+00
1.048517793713254953e+01
1.031082253870513554e+01
1.027047116015079453e+01
1.058830058987061307e+01
1.038839385313463737e+01
9.885465330987161181e+00
1.052045932387796690e+01
1.025456780031879234e+01
9.411122073922811637e+00
9.969262084146151892e+00
9.301661323090005595e+00
9.314300551643444948e+00
9.681875432431812811e+00
9.727096709776452244e+00
1.047761781708263307e+01
1.076683486537776169e+01
9.974509275114048279e+00
1.042217923400681379e+01
9.201838550584563237e+00
1.022814257294314721e+01
9.977725014052483132e+00
1.025878294639529997e+01
1.088866099454545022e+01
1.012583821901207948e+01
1.043960350224032041e+01
1.052128977027073198e+01
9.411415983018121878e+00
9.415088835272845458e+00
9.973216437815825230e+00
1.035636974243485220e+01
1.074836943635164488e+01
9.640987236051008935e+00
1.058368476234492661e+01
9.392823473872631723e+00
1.012909687931405678e+01
1.120954204728882253e+01
9.308229523893567503e+00
9.629981870703192115e+00
1.047205548067585568e+01
1.151975754555276588e+01
9.976467554000938875e+00
1.172333816809133111e+01
9.545449401735238482e+00
1.009158195959718718e+01
1.168274766640297813e+01
1.045767575123241677e+01
1.090999350467734175e+01
1.046595122206976747e+01
9.410329239875380836e+00
9.976439090594812598e+00
9.954711290798629264e+00
1.027466490710167157e+01
1.045666553619660100e+01
9.461328353440000782e+00
1.007223390956746556e+01
1.017789924825070713e+01
1.027897501748636344e+01
9.410119239189317142e+00
1.075909978615429097e+01
1.047941258576550361e+01
1.025800261154464721e+01
1.079310021866975156e+01
9.688660719825616496e+00
1.030796022472486229e+01
1.127535786304221865e+01
1.025920235045478712e+01
1.043715328306929457e+01
1.090088679134026606e+01
1.007353147458335485e+01
9.409191357492625585e+00
9.412604558290446732e+00
9.458111066224097030e+00
8.954098189691693577e+00
9.536373379718401821e+00
9.953115096860557287e+00
1.024050480011067066e+01
1.038754940688448514e+01
1.089426172385601355e+01
9.162644774907617418e+00
1.018902872979927920e+01
8.691007325305395881e+00
1.067541020926504203e+01
9.464021436124314235e+00
1.120171063063527050e+01
1.075959571379746116e+01
9.978228995468146678e+00
9.411841256814518886e+00
1.008266702932372461e+01
1.069524307398829599e+01
9.884855797509894515e+00
9.966772577112497089e+00
1.027542387052493744e+01
9.631580147893464172e+00
1.006797406575967635e+01
1.138198303655707022e+01
1.028352324302540133e+01
9.410727390979440443e+00
1.062058867356894254e+01
9.364294565481355193e+00
9.412816203895401301e+00
9.410258174804654985e+00
9.952473660114005582e+00
9.677975783358490958e+00
1.045379742543878443e+01
9.410167730825635957e+00
9.221173645255806406e+00
8.943914043482863008e+00
1.027825926139852264e+01
9.360515460849622826e+00
1.044871166752383829e+01
1.026661716148931092e+01
9.785018439400587908e+00
9.655397565607508170e+00
9.410366133146089496e+00
1.015994135861220293e+01
1.050951371294130965e+01
1.026689468229248092e+01
1.009645844999447561e+01
9.176309136347118312e+00
9.798321653710774015e+00
1.136470313652655229e+01
1.131801185930930131e+01
1.038902472137138489e+01
1.048486081125030722e+01
1.000771244078810795e+01
9.873801088220954369e+00
1.003552155677082780e+01
1.029159781139092544e+01
9.954177473017875144e+00
9.878622615395434181e+00
8.954208196813064902e+00
1.071980905985180677e+01
1.074149839532943140e+01
1.033539434881851804e+01
1.089778902121043558e+01
9.409321346306899869e+00
1.254267356835396363e+01
1.040067094569804951e+01
9.993954661323876110e+00
9.758292716126360844e+00
1.021963308296372297e+01
1.071188198506689204e+01
9.188487966326858825e+00
9.087874994878919921e+00
1.025786159245179796e+01
1.126475190420432249e+01
9.577888216962165302e+00
1.042855614475668702e+01
1.067718027017280846e+01
1.149383828315037803e+01
1.035049998212352484e+01
9.444460624513185465e+00
1.102632869154536444e+01
1.064576541435565993e+01
1.025437463887471701e+01
1.079309815752834645e+01
1.047521969872926029e+01
9.242598117273701064e+00
9.233052305151225880e+00
1.026840489613696406e+01
9.412113562589135896e+00
9.412009725594357334e+00
1.088997224013742304e+01
1.085879054249932629e+01
1.106757052763907723e+01
1.085902167357922643e+01
1.048316256795155965e+01
1.067724165052236529e+01
1.042888425504095729e+01
1.043155070763569903e+01
1.123931061675183862e+01
9.411580680348569317e+00
1.041365029469563019e+01
1.027709145858223039e+01
1.116526246902326847e+01
1.055162569181379162e+01
9.412081505932384573e+00
1.012372728282136336e+01
9.462549859821661968e+00
8.694353163815200958e+00
9.696473385593126437e+00
1.042921674762864903e+01
1.104743951714265116e+01
1.121347238960400006e+01
9.520661329879752444e+00
1.049540628319945768e+01
9.410764566556835575e+00
9.618721254453328484e+00
9.639599459857086217e+00
8.695024440646555774e+00
9.408985748981860908e+00
9.363520864041037228e+00
1.183717910804826090e+01
1.028452601325044569e+01
9.951733045146131218e+00
1.025823210315168765e+01
9.128985127918035403e+00
1.045798846254769643e+01
1.022201038697690478e+01
9.700306636654147496e+00
9.974504659198814238e+00
9.975960837666120185e+00
1.125767544425500866e+01
1.060807338274799250e+01
9.893790408674028924e+00
1.107747180142197507e+01
1.021883002455082057e+01
1.131041499378523341e+01
1.022903463395022250e+01
1.021737182798129417e+01
1.076829070732463833e+01
1.136213914668219438e+01
9.409295920231411259e+00
1.017701467523487047e+01
1.042863579673613472e+01
1.058442618504107280e+01
1.062214583559839198e+01
1.043720754152261421e+01
9.725414759421727950e+00
9.412116718711214247e+00
1.082577764887623673e+01
1.113344353229007133e+01
1.106633202517929604e+01
9.172035867670757625e+00
1.012476287224411742e+01
1.025721044315076824e+01
1.075730507872465225e+01
9.768646536371351274e+00
1.013130548009239540e+01
9.386263727714901250e+00
1.086857713429117922e+01
1.122679409455387933e+01
9.999286623407716235e+00
1.028298845467016598e+01
1.057779569457844637e+01
1.010337377923865532e+01
1.117335771298462710e+01
9.593167041787220128e+00
1.042970153329494920e+01
1.055931088272821761e+01
9.308624494766329249e+00
1.119047249323051751e+01
1.024882408521490262e+01
1.035496578133677303e+01
9.974481916954989202e+00
9.261121713095082697e+00
1.056503028263830757e+01
9.723324803727567911e+00
9.411075809971755746e+00
1.024366457128564001e+01
9.590863657654715269e+00
1.092312461495082054e+01
1.116393860317181108e+01
1.073824607192698899e+01
1.129420307948874580e+01
1.081382155131737299e+01
9.974462707448486398e+00
1.026698929148519035e+01
1.038760852051106909e+01
9.716992247079465628e+00
1.007676339319018055e+01
1.066915303812224991e+01
9.306879350301123566e+00
1.090925313521076845e+01
9.411110954757178959e+00
9.969592021113502511e+00
1.122682781611484160e+01
9.559964119123970150e+00
9.698894095157941209e+00
1.013491856248886513e+01
9.360567665704614626e+00
9.412807592856729855e+00
1.099386925419986660e+01
9.703058800490849123e+00
1.024822131849290230e+01
9.639566809829460681e+00
9.285626164719483100e+00
9.413134697445549648e+00
1.077294305338308078e+01
1.022242104903569349e+01
9.002480834180619951e+00
9.095731436645150936e+00
1.016570324509294387e+01
1.047646224856553943e+01
9.640323713688120577e+00
9.077424884250465453e+00
9.633724377865021893e+00
9.461485684277592512e+00
1.058646192089730320e+01
8.849472315026313041e+00
1.116459706053326961e+01
1.024668262638705585e+01
1.137311139522750025e+01
9.462482417198645024e+00
1.019311324303422062e+01
1.085815671750743228e+01
9.412399926376718184e+00
1.110969831087602344e+01
1.085845743062735202e+01
1.059011155460984632e+01
9.283620437046129936e+00
9.288972849865652748e+00
1.012981873445071024e+01
1.044061735648682721e+01
1.015289550679475816e+01
1.018961236027095474e+01
1.045877388754616177e+01
1.144999140211805155e+01
9.410363383315480945e+00
9.759351600372660585e+00
1.015729257650508011e+01
1.091187476134288481e+01
9.518674142982296971e+00
1.124653276182656292e+01
1.041740655835860174e+01
1.014700576188247361e+01
1.064706137091210003e+01
9.985819819736708070e+00
9.903033155341223193e+00
9.636631556660688602e+00
9.171098532929882197e+00
9.412019553967375884e+00
1.120017743875998129e+01
1.131736149827058391e+01
1.015809772438503700e+01
9.254836797004788451e+00
9.409955151724275879e+00
9.758206993047735978e+00
9.756328603482092632e+00
9.337656380078712459e+00
1.112280730489160341e+01
1.081029979840634425e+01
1.134131935709114281e+01
9.308669891220624493e+00
1.124930959258578156e+01
1.081435044692064729e+01
1.018384747866511120e+01
1.156987251609241518e+01
1.001045621269193830e+01
9.531609864495402817e+00
9.692159854455717038e+00
9.868615845806031572e+00
1.008960807448851860e+01
1.025824971546668785e+01
9.304116855157165134e+00
1.062497250939537174e+01
9.414765704933451218e+00
9.411517745503884314e+00
1.010269631584199423e+01
1.062450828658383983e+01
1.022502757909740545e+01
1.073952301261005715e+01
1.057630481393520228e+01
9.458204398458287088e+00
9.346813595398421270e+00
1.061306431219612456e+01
9.413878257946750594e+00
1.023739909663229142e+01
1.102798367187339146e+01
1.045354048223642174e+01
9.796393013973343500e+00
9.635438694908193824e+00
1.042003001361545245e+01
1.012259201526126695e+01
9.293336037531954474e+00
1.089267264485374831e+01
9.371012978193936860e+00
1.029487688114378763e+01
9.391200185887937479e+00
9.411431224076377333e+00
1.058827400293813525e+01
1.058165857433933965e+01
9.413822890891882622e+00
1.046111121434049451e+01
1.052237730785259906e+01
9.952725703579126559e+00
1.135577483960844702e+01
1.127854347458634798e+01
9.410273280628850046e+00
9.950763813707553140e+00
9.411990517112224452e+00
1.060369185934858649e+01
9.409519042623159635e+00
1.079324247991405628e+01
1.046817972322069501e+01
1.025947010633297651e+01
9.411449929032023931e+00
9.951034466678509105e+00
9.413703490346522429e+00
1.062002493347707066e+01
1.015541550668298854e+01
9.413116612145969953e+00
8.695958406385031481e+00
1.043079661632095601e+01
1.015459809128833513e+01
9.520599554142645360e+00
9.918418785090462819e+00
1.075929492026476986e+01
1.012551291234407280e+01
9.444392226683669733e+00
9.539438284048143757e+00
9.409291688556669087e+00
1.005977272114883014e+01
1.083198287797294235e+01
1.103580693064692397e+01
1.130617204907220952e+01
1.038502212009680470e+01
1.051203854658274217e+01
1.102926308295696067e+01
1.048841641815977610e+01
1.027148220617049112e+01
1.003179881429868381e+01
9.404015850898133522e+00
1.008123491890988888e+01
9.409070313515195849e+00
1.074108080765051554e+01
9.413175358069151955e+00
1.052096982514548174e+01
9.303170468826698070e+00
1.017139987433689363e+01
1.136644571996800579e+01
1.136670886782368228e+01
1.136623567433990623e+01
9.619106423849622445e+00
1.014126610470183465e+01
9.244657870642651432e+00
1.178410224387319083e+01
9.412694656199015242e+00
1.117649279694656173e+01
9.700625684671280169e+00
9.702771504861901875e+00
9.409987987088875627e+00
9.414717561894542897e+00
1.028242639641398348e+01
1.028285992124686565e+01
9.412254545516578474e+00
1.028302211234133878e+01
9.410746601059701177e+00
1.071555242478219050e+01
1.019317730829193280e+01
1.042211369472790317e+01
9.473577954713135796e+00
9.412872002592667542e+00
1.042120379658620166e+01
9.411645347755031921e+00
9.518912247485827649e+00
1.024423370740217720e+01
8.967563351057659560e+00
9.410702197665337110e+00
9.254761270481408175e+00
1.113966298774788832e+01
9.698321246228783110e+00
8.961003267567146935e+00
1.090992140854750225e+01
1.017267171212817445e+01
1.071184246886567415e+01
1.131499463694799523e+01
1.121287504057716511e+01
9.693010395299365811e+00
1.058440604848649436e+01
1.003195363710936938e+01
1.029246161116583558e+01
9.369259255939009989e+00
1.117508856639129533e+01
1.137387259921273142e+01
9.799387305396445313e+00
