0 263
0 242
0 79
0 182
0 142
0 265
0 1
0 153
0 87
263 79
263 142
263 182
263 242
263 153
263 1
263 87
263 85
263 265
242 265
242 1
242 148
242 85
242 182
242 79
242 25
242 233
1 265
1 148
1 256
1 11
1 85
1 195
1 71
265 148
265 25
265 71
265 85
265 182
265 233
265 256
148 256
148 11
148 71
148 195
148 25
148 136
148 167
148 233
2 177
2 75
2 21
2 82
2 201
2 270
2 36
2 83
2 56
177 21
177 56
177 129
177 201
177 36
177 258
177 75
75 270
75 36
75 201
75 83
75 82
75 12
75 78
75 56
75 21
3 225
3 178
3 47
3 207
3 213
3 10
3 109
3 190
3 9
3 39
225 47
225 207
225 190
225 184
225 39
225 128
225 178
225 59
225 213
178 213
178 269
178 154
178 214
178 109
178 212
178 10
178 92
178 261
4 269
4 26
4 241
4 109
4 131
4 10
4 243
4 146
4 214
4 86
4 266
269 214
269 213
269 109
269 241
269 261
269 266
269 154
269 10
269 131
269 243
5 51
5 179
5 222
5 123
5 66
5 32
5 104
5 232
5 57
5 110
51 123
51 179
51 222
51 32
51 66
51 104
51 57
51 232
51 157
179 66
179 234
179 123
179 14
179 32
179 222
179 217
179 29
179 50
179 104
179 259
222 32
222 232
222 110
222 123
222 49
222 73
222 66
222 104
222 150
6 23
6 206
6 28
6 95
6 244
6 145
6 16
23 206
23 28
23 95
23 244
23 145
23 199
23 16
7 157
7 194
7 57
7 104
7 166
7 69
7 74
7 267
7 123
7 84
7 73
7 158
157 104
157 194
157 57
157 123
157 166
157 73
157 74
157 267
8 54
8 78
8 196
8 116
8 12
8 83
8 147
8 82
54 116
54 196
54 78
54 147
54 12
54 100
78 12
78 83
78 270
78 82
78 196
78 36
78 201
78 116
9 86
9 97
9 10
9 131
9 162
9 109
9 44
9 26
9 37
9 207
86 131
86 10
86 26
86 97
86 44
86 109
86 162
86 37
86 221
97 44
97 162
97 10
97 37
97 131
97 109
97 26
97 221
97 207
10 109
10 131
10 26
10 162
10 207
109 131
109 26
109 162
131 26
131 44
131 162
11 256
11 195
11 167
11 71
11 136
256 195
256 167
256 71
256 136
12 82
12 83
12 270
12 201
12 36
82 270
82 83
82 201
82 36
13 260
13 217
13 259
13 50
13 120
13 29
13 14
13 234
13 248
13 129
13 134
260 50
260 29
260 217
260 14
260 259
260 120
260 65
260 234
260 248
217 50
217 259
217 234
217 14
217 29
217 120
217 248
217 66
259 120
259 248
259 129
259 50
259 234
259 14
259 29
259 61
259 134
14 29
14 50
14 32
29 50
29 65
29 81
29 120
29 180
15 224
15 137
15 117
15 173
15 237
15 35
15 42
15 216
15 272
15 124
15 30
15 160
224 117
224 124
224 137
224 173
224 127
224 237
224 42
224 189
224 191
224 272
137 237
137 35
137 160
137 173
137 117
137 219
137 42
16 115
16 163
16 145
16 28
16 108
16 55
16 206
16 254
115 163
115 145
115 55
115 108
115 28
115 245
163 108
163 55
163 145
163 254
163 245
163 28
163 95
163 34
17 72
17 149
17 193
17 112
17 249
17 68
17 204
17 147
17 250
17 116
72 147
72 193
72 249
72 149
72 112
72 250
72 68
72 204
72 116
149 112
149 193
149 204
149 68
149 249
149 80
149 100
149 116
193 204
193 249
193 68
193 112
193 250
193 22
193 147
18 262
18 188
18 39
18 186
18 111
18 47
18 151
18 128
18 184
262 186
262 39
262 188
262 47
262 111
262 151
262 128
262 106
262 184
188 111
188 151
188 186
188 208
188 39
188 47
39 47
39 184
39 128
39 186
39 106
39 111
19 99
19 257
19 271
19 40
19 132
19 140
19 45
19 46
19 98
19 43
19 208
19 89
19 202
99 132
99 46
99 257
99 40
99 89
99 98
99 45
99 271
99 202
99 43
99 140
99 122
99 208
99 211
257 271
257 45
257 140
257 40
257 43
257 132
257 46
257 98
257 252
257 118
20 139
20 102
20 30
20 272
20 130
20 216
20 58
20 176
20 236
20 42
20 161
139 30
139 272
139 216
139 42
139 102
139 117
139 161
139 127
139 130
102 58
102 236
102 176
102 198
102 119
102 41
102 84
102 130
102 267
102 30
21 56
21 129
21 201
21 36
21 248
21 258
56 36
56 248
56 227
56 201
56 129
56 270
22 189
22 101
22 68
22 124
22 204
22 127
22 191
22 249
22 250
189 124
189 127
189 101
189 117
189 204
189 191
189 68
101 191
101 68
101 218
101 77
101 175
101 34
101 124
101 249
101 138
101 226
68 249
68 250
68 204
68 175
68 138
206 28
206 95
206 244
206 145
206 199
206 77
24 144
24 118
24 46
24 119
24 98
24 135
24 202
24 107
24 267
24 132
24 166
24 76
144 119
144 267
144 166
144 118
144 135
144 198
144 236
144 194
118 76
118 98
118 46
118 119
118 132
118 202
118 58
25 233
25 85
25 103
25 71
25 195
25 167
25 136
233 85
233 103
233 255
233 67
233 182
26 221
26 44
27 133
27 197
27 168
27 92
27 106
27 212
27 154
27 261
27 213
133 197
133 168
133 92
133 106
133 212
133 154
133 261
197 92
197 168
197 261
197 106
197 154
197 212
197 213
168 106
168 92
168 212
168 154
168 151
168 186
28 145
28 95
28 244
28 108
28 77
145 108
145 95
145 55
145 254
145 34
145 77
145 244
145 199
50 120
50 234
30 272
30 216
30 42
30 173
30 117
30 176
30 152
30 58
272 216
272 42
272 117
272 173
272 152
272 35
31 60
31 200
31 150
31 275
31 126
31 274
31 59
31 110
60 150
60 200
60 275
60 274
60 126
60 59
60 110
60 185
200 275
200 33
200 59
200 122
200 128
200 190
200 126
200 184
200 211
200 89
32 49
32 232
32 110
32 240
32 274
32 123
49 274
49 240
49 150
49 232
49 110
49 246
33 122
33 128
33 89
33 184
33 275
33 59
33 190
33 211
122 89
122 211
122 208
122 202
122 107
122 128
122 275
128 184
128 190
128 47
128 275
128 59
128 89
34 77
34 191
34 254
34 108
34 55
34 95
34 218
34 199
77 218
77 199
77 95
77 191
77 244
77 254
77 55
77 108
191 124
191 254
191 55
254 55
254 108
254 245
254 95
35 237
35 173
35 152
35 42
35 251
35 219
35 216
35 160
237 173
237 219
237 152
237 160
237 251
237 42
237 216
173 42
173 152
173 216
173 117
173 251
152 251
152 41
152 42
152 216
36 201
36 270
36 83
36 91
36 90
201 270
201 83
37 162
37 229
37 44
37 38
37 207
162 44
162 207
162 229
162 38
229 185
229 38
229 246
229 240
229 44
38 94
38 113
38 44
38 247
38 210
38 239
94 192
94 247
94 113
94 183
94 210
94 53
94 239
94 93
94 205
94 96
47 184
47 212
47 213
47 106
47 186
184 190
184 59
184 275
40 271
40 208
40 45
40 140
40 43
40 132
40 159
271 45
271 140
271 43
271 62
271 252
271 132
271 208
271 264
208 89
208 111
208 159
41 176
41 58
41 76
41 42
41 251
41 119
41 216
176 58
176 76
176 119
176 236
42 216
42 117
216 117
43 140
43 252
43 45
43 105
43 88
43 62
140 45
140 252
140 62
140 88
140 105
252 45
252 105
252 88
252 76
252 98
252 251
44 221
44 210
221 210
221 70
221 165
221 87
221 114
45 62
45 88
45 105
45 264
45 132
62 264
62 88
62 105
62 159
46 132
46 202
46 98
46 211
46 107
46 89
132 98
132 202
132 107
132 211
132 89
202 211
202 107
202 98
202 126
202 89
98 76
98 119
48 143
48 164
48 52
48 181
48 268
48 209
48 172
48 223
48 81
143 52
143 209
143 268
143 187
143 156
143 220
143 223
143 215
143 181
143 164
164 172
164 81
164 63
164 181
164 65
164 180
274 150
274 185
274 240
274 232
240 246
240 174
240 185
123 66
123 104
123 57
123 194
123 227
123 234
52 268
52 209
52 156
52 187
52 215
52 220
268 209
268 156
268 187
268 215
268 220
268 223
53 205
53 187
53 155
53 192
53 220
53 156
53 183
53 209
53 247
53 113
53 235
53 273
205 155
205 187
205 156
205 192
205 235
205 273
205 183
205 220
205 215
205 209
205 247
187 156
187 209
187 215
187 220
187 155
187 235
187 223
116 196
116 147
116 112
116 100
55 108
55 245
108 95
108 245
245 160
57 104
57 194
57 227
57 66
57 166
57 74
57 64
104 194
104 66
104 73
104 227
104 166
58 119
58 236
58 76
58 198
58 267
59 275
59 190
59 207
59 185
275 190
275 150
190 207
150 232
150 110
150 126
61 134
61 258
61 120
61 180
61 129
61 63
61 81
61 65
61 172
134 258
134 120
134 129
134 180
134 63
264 159
264 88
264 105
88 105
63 81
63 180
63 172
63 65
81 65
81 180
81 172
180 65
180 172
172 65
64 74
64 91
64 158
64 90
64 227
74 69
74 158
74 84
74 91
66 234
66 227
66 248
234 227
234 248
234 120
67 238
67 255
67 253
67 103
67 146
67 243
67 241
67 85
67 266
238 253
238 255
238 243
238 103
238 230
238 266
238 241
238 146
255 103
255 253
255 85
255 243
255 146
249 250
249 204
249 112
249 175
69 84
69 198
69 158
69 130
69 236
69 267
69 166
69 194
84 198
84 130
84 236
84 267
84 158
84 166
70 114
70 165
70 169
70 93
70 87
70 121
70 153
70 96
70 210
70 142
70 125
114 87
114 169
114 153
114 165
114 121
114 93
114 142
114 96
114 210
114 125
165 93
165 210
165 96
165 121
165 169
165 87
165 183
165 125
165 142
165 153
165 203
165 192
71 195
71 167
71 136
195 167
195 136
147 593
147 585
147 587
147 112
147 582
73 135
73 110
73 194
73 232
73 166
73 126
135 110
135 126
135 107
135 166
135 232
135 194
110 232
110 126
158 80
158 90
158 91
158 100
158 130
158 228
158 171
158 198
270 83
270 91
76 119
83 90
83 91
79 182
79 142
79 153
79 87
79 146
79 85
182 85
182 146
182 142
182 103
142 153
142 87
142 169
142 121
80 171
80 100
80 228
80 90
80 91
80 161
80 130
80 112
171 228
171 100
171 130
171 161
171 90
171 91
100 90
100 196
100 91
100 228
100 112
198 236
198 267
198 119
198 166
198 130
130 228
130 161
130 236
85 103
87 153
87 169
87 121
153 169
153 121
89 211
90 91
90 196
90 228
91 228
92 106
92 212
92 154
92 213
92 261
92 214
106 212
106 154
106 213
106 186
212 154
212 213
212 214
212 261
93 96
93 183
93 210
93 203
93 192
93 121
93 169
93 125
96 183
96 203
96 192
96 125
96 121
96 210
96 169
96 231
96 170
192 183
192 247
192 113
192 210
247 113
247 220
247 239
247 223
247 141
247 183
95 244
95 199
95 218
244 199
244 218
183 210
183 203
196 112
236 267
236 119
236 166
103 253
103 146
107 211
107 126
211 126
111 151
111 186
111 159
151 186
112 204
113 239
113 223
113 220
113 141
113 174
239 223
239 141
239 174
239 220
239 181
239 246
169 121
169 125
169 231
117 124
117 127
124 127
119 267
119 166
120 129
120 248
120 258
129 258
129 248
121 125
121 231
121 203
121 170
121 210
125 231
125 203
125 170
127 161
127 204
231 170
231 203
203 170
203 155
258 327
228 161
136 167
138 175
138 226
138 250
138 218
138 199
175 218
175 226
175 250
175 199
226 218
226 199
226 250
141 223
141 181
141 174
141 246
141 220
223 220
223 181
223 209
223 174
181 174
174 246
209 220
209 156
209 215
267 166
267 194
146 243
146 241
146 266
243 241
243 266
243 214
243 230
243 253
593 585
593 589
593 596
593 578
593 584
593 587
593 582
593 583
251 219
154 213
154 261
154 214
213 214
213 261
155 235
155 273
155 156
155 215
235 273
235 215
235 156
156 215
156 220
156 273
215 273
215 220
194 166
160 219
161 204
218 199
185 207
204 250
214 261
214 266
214 241
214 230
261 230
261 266
261 241
266 230
266 241
266 253
227 248
230 253
230 241
276 320
276 400
276 373
276 412
276 380
276 513
276 277
276 301
276 397
320 380
320 277
320 301
320 400
320 412
320 397
320 513
320 350
320 373
400 373
400 513
400 397
400 412
400 323
400 380
400 424
400 277
277 301
277 380
277 350
277 412
277 397
277 513
277 377
277 448
301 380
301 350
301 377
301 412
301 448
301 397
380 350
380 412
380 397
380 513
380 377
278 385
278 405
278 529
278 279
278 530
278 338
278 473
278 504
278 442
278 444
385 529
385 504
385 405
385 279
385 362
385 473
385 530
385 394
385 522
405 279
405 442
405 529
405 504
405 444
279 442
279 372
279 444
442 372
442 444
442 506
280 296
280 523
280 533
280 438
280 408
280 508
280 547
296 523
296 533
296 408
296 438
296 508
296 331
281 459
281 367
281 356
281 577
281 314
281 472
281 578
281 394
281 362
459 577
459 367
459 394
459 362
459 578
459 314
459 356
459 504
459 599
367 314
367 356
367 362
367 394
367 472
367 399
282 313
282 413
282 532
282 493
282 521
282 297
282 540
282 392
282 332
282 404
282 289
282 439
313 392
313 289
313 540
313 532
313 413
313 404
313 332
313 493
313 521
313 297
313 439
313 322
413 417
413 322
413 521
413 326
413 366
413 534
413 289
413 544
283 324
283 531
283 482
283 546
283 302
283 455
283 441
324 531
324 482
324 302
324 546
324 310
324 455
324 441
324 381
531 482
531 546
531 365
531 450
531 432
531 453
531 455
284 489
284 398
284 382
284 316
284 505
284 342
284 519
284 352
284 496
284 536
284 347
284 428
284 525
284 306
489 382
489 505
489 316
489 342
489 347
489 398
489 428
489 306
489 525
489 519
489 477
398 352
398 382
398 316
398 342
398 496
398 536
398 349
398 395
398 519
398 465
398 490
398 505
398 477
285 299
285 341
285 475
285 488
285 425
285 379
299 341
299 364
299 475
299 479
299 490
341 475
341 488
341 425
341 379
341 361
341 458
286 527
286 437
286 501
286 480
286 389
286 396
286 305
286 543
286 407
286 363
527 437
527 402
527 480
527 543
527 396
527 407
527 376
527 500
527 501
287 516
287 470
287 334
287 375
287 369
287 514
287 289
287 509
516 334
516 369
516 375
516 514
516 447
516 470
516 291
470 509
470 544
470 289
470 322
470 388
288 483
288 537
288 429
288 378
288 433
288 432
288 551
288 390
288 538
288 365
483 429
483 433
483 432
483 537
483 378
483 365
483 551
483 390
483 453
537 390
537 551
537 508
537 538
537 429
537 378
537 433
537 467
537 411
289 392
289 404
289 322
289 544
289 540
289 417
289 369
289 532
289 366
289 534
392 404
392 540
392 332
392 369
392 532
392 439
392 359
290 542
290 526
290 355
290 319
290 343
290 387
290 292
290 454
290 419
290 353
542 355
542 526
542 343
542 454
542 319
542 353
542 387
542 539
542 292
526 319
526 355
526 419
526 467
526 454
526 315
526 387
291 403
291 514
291 511
291 447
291 474
291 502
291 471
291 436
291 374
403 502
403 511
403 474
403 514
403 399
403 471
403 447
403 436
403 374
514 447
514 333
514 511
514 334
514 436
514 471
514 474
514 502
514 507
292 343
292 428
292 355
292 407
292 402
292 480
292 437
292 396
292 376
292 500
292 387
343 407
343 396
343 500
343 480
343 387
343 355
343 437
343 402
343 428
428 347
428 505
428 316
428 355
428 376
428 549
355 347
355 319
355 345
293 309
293 388
293 509
293 436
293 522
293 530
293 360
293 338
293 374
309 512
309 388
309 360
309 338
309 463
309 530
309 509
309 522
309 416
309 446
294 344
294 492
294 351
294 424
294 381
294 323
344 381
344 492
344 370
344 435
344 351
344 443
295 550
295 340
295 300
295 535
295 431
295 446
295 339
295 416
550 340
550 446
550 431
550 535
550 300
550 339
550 463
340 300
340 431
340 339
340 446
340 416
340 545
340 535
340 330
340 463
340 444
523 533
523 331
523 408
523 456
523 497
523 420
297 521
297 493
297 497
297 456
297 420
297 331
297 532
521 493
521 420
521 497
521 326
521 456
521 532
493 420
493 532
493 332
493 497
493 439
493 456
493 540
493 331
493 359
298 541
298 328
298 308
298 391
298 354
298 368
298 411
298 441
298 409
298 434
298 466
298 302
298 406
541 308
541 354
541 328
541 368
541 391
541 441
541 406
541 409
541 411
541 302
541 318
541 434
541 466
328 411
328 434
328 378
328 390
328 308
328 441
328 430
328 302
328 354
328 391
300 535
300 330
300 431
300 339
300 545
300 446
300 506
300 416
535 330
535 431
330 506
330 545
330 339
330 372
302 441
302 406
302 310
302 411
302 378
302 368
302 423
302 308
441 406
441 310
441 411
441 308
441 368
441 423
441 378
303 464
303 455
303 440
303 452
303 348
303 487
303 528
303 499
303 426
303 317
303 333
464 440
464 452
464 528
464 317
464 348
464 426
464 499
464 333
464 455
464 487
464 507
464 351
455 487
455 440
455 482
455 348
455 351
455 546
304 462
304 418
304 476
304 494
304 312
304 384
304 336
462 418
462 494
462 414
462 384
462 476
305 389
305 337
305 415
305 495
305 518
305 363
305 498
305 520
389 337
389 363
389 415
389 495
389 518
337 518
337 498
337 495
337 415
337 363
337 520
415 363
415 498
415 414
415 485
415 468
415 501
306 525
306 386
306 510
306 477
306 342
306 382
306 345
306 478
306 460
525 342
525 477
525 386
525 510
525 382
525 345
386 477
386 342
386 510
386 478
386 382
386 449
510 478
510 345
510 449
510 460
510 457
510 477
510 342
307 481
307 503
307 520
307 491
307 361
307 475
307 495
307 488
307 518
307 425
481 361
481 503
481 475
481 520
481 491
481 488
481 425
481 495
481 518
503 491
503 520
503 475
503 495
503 518
503 361
308 368
308 354
308 391
308 406
308 318
308 409
308 411
308 310
308 423
368 406
368 310
368 423
368 318
368 354
368 391
368 451
368 312
368 336
512 360
512 463
512 338
512 388
512 416
512 446
512 444
512 530
512 339
512 431
512 522
388 509
388 463
388 360
388 338
388 544
310 406
310 423
310 381
310 422
406 423
406 381
406 422
423 381
423 422
423 335
423 451
381 422
381 370
381 435
311 507
311 499
311 426
311 424
311 486
311 323
311 440
311 528
311 412
507 499
507 333
507 447
507 528
507 440
507 317
507 426
507 486
312 336
312 318
312 451
312 335
312 476
312 548
312 357
336 451
336 318
336 335
336 357
336 548
336 476
336 371
318 354
318 451
318 391
318 384
314 399
314 356
314 401
314 502
314 472
314 471
314 374
314 362
399 502
399 356
399 471
399 472
399 374
399 474
399 511
399 401
356 472
356 448
356 377
356 502
315 467
315 419
315 469
315 547
315 346
315 319
315 358
315 551
315 538
467 538
467 551
467 319
467 508
316 505
316 519
316 382
316 549
316 536
316 342
316 395
316 352
316 347
316 496
505 347
505 382
505 342
505 519
505 549
505 536
519 536
519 395
519 549
519 352
519 496
519 421
519 349
519 382
519 427
519 458
317 333
317 452
317 528
317 375
317 369
317 334
317 348
317 524
317 440
317 499
317 447
333 528
333 447
333 452
333 375
333 499
333 440
452 348
452 528
452 440
452 499
452 375
452 524
354 391
354 409
354 466
354 384
319 419
319 345
319 347
319 469
419 469
419 345
419 460
419 449
419 346
419 358
419 457
419 547
321 359
321 439
321 484
321 332
321 532
321 325
321 540
359 439
359 332
359 532
359 540
359 404
359 484
359 524
359 420
322 417
322 366
322 544
322 534
322 326
322 329
322 509
417 366
417 534
417 326
417 544
417 329
366 534
366 326
366 544
366 329
366 509
544 509
544 326
544 534
544 329
323 424
323 513
323 397
323 486
323 412
323 373
424 486
424 513
424 397
424 351
424 412
424 426
513 412
513 397
513 373
513 350
325 393
325 484
325 453
325 524
325 450
325 365
325 432
325 546
325 348
325 482
393 453
393 484
393 450
393 365
393 432
393 348
393 546
393 524
393 482
484 524
484 453
484 432
484 450
484 348
484 365
326 534
326 329
534 329
327 383
327 445
327 492
327 443
327 370
327 515
383 492
383 445
383 443
383 370
383 373
445 443
445 370
445 492
445 515
445 435
445 357
445 371
445 410
411 378
411 434
411 390
434 390
434 430
434 353
434 454
331 456
331 533
331 497
331 420
456 420
456 497
456 533
533 408
533 497
533 420
533 508
332 540
332 439
332 532
332 404
332 524
540 404
540 439
540 532
439 404
439 532
532 404
532 420
532 497
528 440
528 499
528 348
528 447
528 487
447 511
334 375
334 369
334 524
375 369
375 524
375 404
335 357
335 451
335 422
335 435
335 371
335 443
335 410
335 370
335 548
357 435
357 371
357 443
357 410
357 422
357 370
357 451
357 548
357 515
451 422
451 435
451 548
451 371
518 495
518 520
518 491
518 498
518 573
498 573
498 568
498 494
498 560
498 363
498 559
498 418
338 360
338 530
338 463
338 522
338 416
338 529
338 444
338 446
360 463
360 530
360 522
360 416
360 446
360 529
360 444
530 522
530 529
530 473
530 401
530 463
339 431
339 545
339 416
339 446
339 444
339 372
339 463
431 446
431 416
431 545
431 372
431 444
431 463
545 372
545 444
545 506
545 416
545 446
475 488
475 425
475 361
475 379
475 520
475 491
488 425
488 361
488 379
488 458
488 421
488 427
488 461
342 382
342 477
342 347
342 345
382 347
382 477
407 396
407 480
407 500
407 437
407 402
407 539
407 387
345 347
345 460
345 449
345 478
345 457
346 547
346 358
346 469
346 438
346 457
547 438
547 358
547 469
547 457
358 469
358 457
358 449
358 438
358 460
348 524
348 453
348 440
348 450
349 496
349 490
349 352
349 536
349 395
349 465
349 517
349 364
496 352
496 395
496 490
496 536
496 517
496 364
496 465
490 465
490 517
490 364
490 352
490 479
490 536
350 377
350 397
350 412
350 448
351 486
351 487
351 426
351 440
351 499
486 426
486 487
486 499
486 440
352 536
352 395
352 517
536 395
353 454
353 430
353 539
353 387
353 500
353 390
454 539
454 387
454 430
454 500
430 539
430 387
430 500
430 468
391 409
391 466
391 384
391 485
472 377
472 448
472 502
435 370
435 422
435 443
435 371
435 515
371 410
371 548
371 515
371 370
371 443
371 476
469 457
469 449
469 460
469 438
361 379
361 425
361 458
361 461
361 520
361 491
361 421
361 427
361 543
379 425
379 458
379 461
379 427
379 421
379 549
362 504
362 473
362 394
362 401
362 529
504 394
504 473
504 529
504 401
473 401
473 529
473 394
473 522
473 374
363 414
363 485
363 468
363 501
363 418
363 494
414 418
414 384
414 494
414 485
414 468
414 466
364 479
364 517
364 465
479 517
479 465
517 465
365 450
365 546
365 432
365 453
365 482
365 429
365 433
450 453
450 546
450 432
450 482
450 429
546 482
546 453
546 432
432 429
432 453
432 433
432 482
369 524
369 404
524 404
370 443
370 422
370 492
370 515
443 422
443 515
443 410
443 492
410 515
410 548
548 476
548 515
372 506
372 444
373 412
373 492
374 471
374 401
374 474
374 436
374 511
374 502
471 474
471 502
471 401
471 511
471 436
401 474
401 522
401 436
401 511
401 502
376 402
376 549
376 427
376 480
376 421
376 461
376 437
376 543
376 458
402 480
402 437
402 543
402 396
402 461
402 427
402 549
549 421
549 427
549 458
549 461
549 425
377 448
378 390
378 429
425 458
425 461
425 421
425 427
458 421
458 427
458 461
384 466
384 409
384 485
384 468
384 418
384 494
466 409
466 485
466 468
529 522
387 539
387 500
387 396
539 500
539 396
500 396
500 501
500 437
500 480
390 538
390 551
409 468
409 485
453 482
453 429
396 437
396 480
396 501
397 412
502 474
502 511
502 436
480 437
480 543
408 508
408 433
408 551
508 551
508 433
508 538
418 494
416 446
416 463
416 444
446 463
446 444
463 444
420 497
421 427
421 461
421 543
427 461
427 543
426 487
426 499
426 440
487 440
487 499
461 543
461 437
429 433
436 511
436 474
511 474
437 543
440 499
449 457
449 460
449 478
457 460
457 478
460 478
577 599
577 583
577 586
577 578
577 580
577 589
577 576
465 477
485 468
485 501
538 551
468 501
491 520
491 495
520 495
573 560
573 568
573 559
573 574
573 562
573 571
573 564
552 563
552 564
552 556
552 571
552 557
552 574
552 566
552 572
552 570
552 558
552 559
552 560
552 554
552 553
552 565
563 556
563 557
563 564
563 567
563 553
563 566
563 554
563 569
563 561
563 571
553 566
553 561
553 556
553 569
553 554
553 567
553 555
553 557
553 564
566 556
566 554
566 555
566 561
566 564
566 557
566 562
566 574
566 569
566 567
561 555
561 554
561 556
561 564
561 562
554 555
554 562
554 564
554 556
554 574
555 562
555 564
555 556
562 574
562 560
562 564
562 568
562 556
556 564
556 557
556 574
556 567
556 569
564 574
564 571
564 557
564 560
564 568
557 567
557 569
567 569
558 565
558 570
558 575
558 572
558 571
565 570
565 575
565 572
565 571
559 571
559 568
559 560
559 572
559 575
559 574
559 570
571 572
571 560
571 568
571 575
571 570
571 574
568 560
568 574
568 572
568 575
560 574
560 572
560 575
574 572
570 575
570 572
575 572
576 579
576 580
576 596
576 584
576 583
576 589
576 590
576 598
576 599
576 586
576 581
576 595
579 596
579 584
579 580
579 589
579 583
579 590
579 581
579 578
579 598
579 599
579 586
580 596
580 586
580 583
580 599
580 590
580 598
580 595
580 584
580 589
599 586
599 583
599 589
599 596
583 589
583 578
583 596
583 586
583 584
578 589
578 596
589 596
589 584
596 584
596 585
596 581
596 582
596 587
584 581
584 587
584 582
584 585
584 590
584 591
584 592
584 594
581 582
581 591
581 587
581 585
581 592
581 594
581 588
581 597
582 587
582 585
582 591
582 592
582 594
582 588
591 592
591 588
591 594
591 587
591 597
591 585
591 590
587 585
587 592
585 592
586 595
588 594
588 597
588 592
588 598
588 590
594 598
594 590
594 592
594 597
597 598
597 592
597 590
592 590
592 598
590 598
590 595
598 595
