0 1
0 2
0 3
0 4
0 5
0 6
0 7
0 8
0 9
0 10
0 11
0 12
0 14
0 15
0 17
0 20
0 21
0 22
0 25
0 27
0 28
0 31
0 32
0 34
0 40
0 41
0 43
0 52
0 54
0 55
0 59
0 67
0 68
0 70
0 82
0 90
0 91
0 92
0 97
0 98
0 110
0 118
0 124
0 125
0 126
0 128
0 135
0 147
0 148
0 161
0 179
0 186
0 199
0 213
0 230
0 233
0 234
0 249
0 277
0 281
0 304
0 306
0 308
0 311
0 313
0 317
0 333
0 341
0 344
0 345
0 351
0 390
0 406
0 409
0 425
0 434
0 468
0 472
1 11
1 13
1 24
1 48
1 107
1 112
1 130
1 131
1 139
1 150
1 175
1 266
1 327
1 401
1 468
1 482
2 7
2 8
2 9
2 10
2 11
2 12
2 13
2 15
2 17
2 18
2 21
2 30
2 33
2 39
2 50
2 52
2 69
2 78
2 96
2 98
2 104
2 115
2 117
2 119
2 123
2 127
2 137
2 143
2 161
2 197
2 201
2 209
2 223
2 225
2 229
2 231
2 241
2 286
2 287
2 300
2 322
2 327
2 329
2 345
2 362
2 363
2 366
2 372
2 378
2 384
2 437
2 460
2 463
2 471
3 7
3 8
3 11
3 12
3 18
3 23
3 31
3 32
3 38
3 40
3 47
3 54
3 66
3 94
3 97
3 98
3 112
3 113
3 114
3 121
3 134
3 146
3 153
3 157
3 168
3 179
3 183
3 225
3 235
3 241
3 260
3 265
3 269
3 272
3 277
3 289
3 297
3 298
3 307
3 340
3 368
3 377
3 380
3 402
3 417
3 439
3 443
3 451
3 489
3 493
3 499
4 7
4 8
4 9
4 13
4 15
4 16
4 19
4 20
4 23
4 24
4 26
4 27
4 28
4 30
4 31
4 38
4 39
4 45
4 47
4 49
4 51
4 52
4 56
4 58
4 63
4 66
4 77
4 80
4 83
4 84
4 102
4 108
4 112
4 116
4 118
4 124
4 135
4 148
4 175
4 185
4 195
4 214
4 218
4 223
4 227
4 239
4 248
4 258
4 261
4 270
4 276
4 283
4 291
4 301
4 311
4 312
4 327
4 377
4 384
4 397
4 403
4 420
4 480
5 7
5 8
5 9
5 10
5 13
5 14
5 16
5 23
5 25
5 29
5 30
5 32
5 34
5 35
5 37
5 42
5 53
5 62
5 69
5 72
5 79
5 91
5 106
5 112
5 118
5 123
5 126
5 134
5 135
5 138
5 141
5 145
5 151
5 158
5 166
5 177
5 182
5 186
5 187
5 191
5 198
5 209
5 210
5 216
5 220
5 229
5 236
5 244
5 264
5 288
5 292
5 300
5 302
5 310
5 311
5 321
5 325
5 342
5 348
5 358
5 367
5 416
5 425
5 469
5 493
6 7
6 14
6 18
6 23
6 33
6 45
6 66
6 71
6 73
6 75
6 112
6 122
6 126
6 136
6 137
6 140
6 163
6 211
6 248
6 251
6 258
6 331
6 350
6 361
6 383
6 431
6 495
7 8
7 9
7 10
7 11
7 12
7 14
7 15
7 16
7 17
7 18
7 19
7 20
7 22
7 28
7 29
7 33
7 35
7 36
7 39
7 40
7 43
7 46
7 59
7 63
7 64
7 66
7 67
7 86
7 92
7 95
7 102
7 103
7 105
7 109
7 115
7 119
7 121
7 124
7 126
7 127
7 140
7 147
7 168
7 169
7 180
7 183
7 190
7 218
7 227
7 229
7 234
7 235
7 252
7 260
7 287
7 299
7 307
7 309
7 313
7 325
7 328
7 329
7 347
7 364
7 408
7 410
7 412
7 415
7 416
7 422
7 450
7 454
7 458
7 459
7 470
7 498
8 9
8 10
8 11
8 12
8 14
8 17
8 20
8 21
8 22
8 34
8 41
8 43
8 48
8 49
8 54
8 60
8 63
8 68
8 70
8 72
8 99
8 100
8 106
8 139
8 145
8 152
8 160
8 173
8 176
8 184
8 187
8 198
8 207
8 217
8 219
8 242
8 258
8 263
8 264
8 266
8 343
8 361
8 367
8 389
8 401
8 408
8 412
8 416
8 461
8 470
9 10
9 12
9 13
9 15
9 16
9 22
9 23
9 25
9 27
9 31
9 35
9 36
9 37
9 53
9 54
9 55
9 57
9 61
9 78
9 79
9 81
9 82
9 127
9 156
9 180
9 195
9 200
9 210
9 213
9 216
9 237
9 260
9 299
9 308
9 314
9 339
9 342
9 353
9 360
9 364
9 384
9 392
9 399
9 404
9 413
9 415
9 436
9 454
9 464
9 466
10 13
10 30
10 41
10 51
10 55
10 57
10 61
10 70
10 72
10 75
10 76
10 90
10 111
10 113
10 118
10 130
10 155
10 163
10 178
10 187
10 200
10 202
10 228
10 231
10 258
10 262
10 277
10 317
10 335
10 348
10 413
10 438
10 443
10 459
10 463
10 468
11 19
11 25
11 27
11 34
11 41
11 44
11 52
11 53
11 58
11 64
11 73
11 79
11 81
11 85
11 86
11 88
11 93
11 95
11 99
11 103
11 128
11 130
11 138
11 142
11 149
11 162
11 181
11 188
11 196
11 207
11 219
11 222
11 247
11 263
11 268
11 313
11 322
11 332
11 348
11 352
11 376
11 382
11 397
11 402
11 403
11 420
11 421
11 433
11 436
11 449
11 466
11 475
11 487
11 498
12 16
12 17
12 23
12 24
12 25
12 29
12 30
12 35
12 38
12 47
12 50
12 51
12 56
12 58
12 62
12 85
12 91
12 101
12 117
12 121
12 124
12 130
12 136
12 142
12 155
12 167
12 170
12 174
12 187
12 213
12 216
12 224
12 225
12 246
12 249
12 256
12 267
12 276
12 277
12 287
12 309
12 313
12 352
12 363
12 416
12 421
12 422
12 437
12 470
12 477
13 14
13 19
13 30
13 51
13 62
13 63
13 65
13 69
13 115
13 119
13 122
13 172
13 184
13 213
13 267
13 319
13 336
13 357
13 435
13 446
13 482
14 15
14 17
14 19
14 21
14 26
14 27
14 29
14 32
14 33
14 34
14 35
14 36
14 49
14 50
14 55
14 56
14 61
14 78
14 84
14 86
14 87
14 90
14 92
14 95
14 96
14 97
14 105
14 127
14 135
14 153
14 161
14 163
14 183
14 196
14 199
14 201
14 209
14 228
14 254
14 255
14 259
14 281
14 285
14 293
14 339
14 365
14 369
14 401
14 424
14 442
14 444
14 458
14 484
15 16
15 18
15 21
15 25
15 26
15 31
15 37
15 42
15 43
15 47
15 49
15 52
15 63
15 64
15 70
15 86
15 88
15 89
15 103
15 104
15 107
15 114
15 157
15 181
15 182
15 193
15 208
15 211
15 212
15 215
15 243
15 247
15 249
15 256
15 285
15 298
15 310
15 318
15 329
15 330
15 338
15 341
15 348
15 363
15 386
15 389
15 411
15 418
15 425
15 427
15 456
15 462
15 493
16 19
16 24
16 39
16 54
16 116
16 192
16 206
16 247
16 281
16 392
16 474
17 18
17 38
17 40
17 59
17 60
17 62
17 65
17 70
17 94
17 100
17 106
17 112
17 133
17 134
17 136
17 138
17 144
17 145
17 171
17 178
17 197
17 205
17 214
17 258
17 270
17 282
17 285
17 339
17 346
17 379
17 386
17 434
18 20
18 35
18 48
18 50
18 56
18 59
18 64
18 65
18 82
18 94
18 113
18 115
18 119
18 131
18 149
18 151
18 152
18 162
18 174
18 197
18 210
18 243
18 324
18 326
18 337
18 359
18 368
18 378
18 381
18 395
18 445
18 452
19 20
19 21
19 22
19 26
19 28
19 37
19 42
19 43
19 44
19 45
19 47
19 48
19 54
19 72
19 73
19 76
19 88
19 92
19 103
19 109
19 122
19 130
19 146
19 162
19 168
19 170
19 177
19 206
19 220
19 240
19 247
19 248
19 252
19 262
19 306
19 316
19 317
19 322
19 325
19 327
19 331
19 337
19 364
19 437
19 459
19 479
20 24
20 45
20 65
20 69
20 90
20 93
20 188
20 222
20 245
20 262
20 264
20 316
20 317
20 348
20 381
20 486
21 22
21 33
21 39
21 49
21 58
21 60
21 78
21 82
21 85
21 89
21 100
21 110
21 128
21 134
21 153
21 154
21 158
21 178
21 192
21 216
21 219
21 235
21 242
21 263
21 283
21 289
21 294
21 296
21 344
21 378
21 395
21 404
21 405
21 423
21 433
21 435
21 440
21 444
21 448
21 485
21 492
22 24
22 26
22 33
22 38
22 40
22 48
22 61
22 67
22 71
22 77
22 84
22 94
22 103
22 117
22 120
22 128
22 139
22 145
22 147
22 152
22 170
22 175
22 178
22 203
22 208
22 245
22 278
22 288
22 290
22 315
22 326
22 343
22 349
22 355
22 373
22 407
22 412
22 419
22 446
22 461
22 468
22 481
23 32
23 50
23 60
23 68
23 71
23 73
23 83
23 98
23 132
23 151
23 232
23 295
23 301
23 305
23 372
23 385
23 450
23 483
24 28
24 29
24 94
24 215
24 255
24 275
24 357
24 465
25 26
25 27
25 38
25 69
25 83
25 89
25 98
25 99
25 104
25 129
25 137
25 147
25 159
25 160
25 169
25 180
25 195
25 198
25 231
25 251
25 257
25 353
25 362
25 365
25 379
25 426
25 453
25 465
26 29
26 31
26 36
26 37
26 42
26 43
26 55
26 56
26 57
26 59
26 73
26 74
26 81
26 87
26 96
26 104
26 120
26 128
26 147
26 150
26 172
26 184
26 190
26 199
26 218
26 220
26 228
26 231
26 252
26 253
26 254
26 273
26 274
26 373
26 389
26 397
27 28
27 46
27 56
27 65
27 66
27 76
27 85
27 86
27 98
27 99
27 103
27 110
27 114
27 131
27 134
27 151
27 153
27 166
27 167
27 171
27 176
27 181
27 182
27 227
27 236
27 245
27 267
27 336
27 351
27 361
27 381
27 385
27 471
27 472
27 484
27 489
28 37
28 40
28 93
28 109
28 116
28 124
28 143
28 150
28 178
28 190
28 195
28 211
28 277
28 282
28 312
28 314
28 324
28 448
28 453
28 492
28 495
29 32
29 45
29 62
29 68
29 78
29 82
29 83
29 110
29 156
29 168
29 230
29 255
29 375
29 383
29 449
29 471
30 44
30 76
30 115
30 143
30 149
30 333
30 334
30 369
30 410
30 413
30 488
31 34
31 36
31 39
31 53
31 55
31 57
31 60
31 61
31 68
31 70
31 84
31 92
31 110
31 128
31 144
31 147
31 148
31 156
31 164
31 165
31 173
31 181
31 185
31 194
31 196
31 200
31 214
31 238
31 265
31 284
31 313
31 354
31 356
31 357
31 385
31 424
31 497
31 498
32 42
32 44
32 48
32 49
32 51
32 57
32 58
32 75
32 80
32 95
32 123
32 158
32 160
32 163
32 177
32 223
32 228
32 238
32 283
32 296
32 311
32 359
32 377
32 398
32 399
32 422
32 427
32 429
32 447
32 477
33 47
33 77
33 106
33 108
33 188
33 189
33 201
33 215
33 225
33 231
33 250
33 331
33 405
33 426
33 476
34 36
34 41
34 67
34 74
34 130
34 132
34 236
34 239
34 273
34 312
34 345
34 421
34 425
34 432
34 449
35 42
35 44
35 62
35 222
35 257
35 281
35 374
35 431
35 471
35 474
35 496
36 46
36 52
36 57
36 67
36 71
36 81
36 85
36 105
36 110
36 113
36 152
36 180
36 196
36 204
36 224
36 245
36 262
36 290
36 319
36 366
36 425
36 432
36 440
36 478
37 44
37 51
37 105
37 149
37 202
37 212
37 223
37 232
37 349
37 355
37 374
37 428
37 485
38 41
38 45
38 64
38 74
38 80
38 95
38 101
38 109
38 127
38 129
38 154
38 155
38 163
38 175
38 193
38 206
38 224
38 250
38 260
38 261
38 303
38 315
38 336
38 353
38 370
38 454
38 467
38 490
39 46
39 53
39 71
39 96
39 100
39 111
39 116
39 122
39 141
39 144
39 146
39 186
39 196
39 204
39 232
39 241
39 280
39 288
39 315
39 326
39 337
39 368
39 406
39 421
39 464
39 481
40 50
40 60
40 69
40 140
40 183
40 252
40 410
40 420
40 451
40 456
40 464
40 466
40 488
41 76
41 87
41 106
41 108
41 121
41 150
41 160
41 172
41 253
41 265
41 275
41 284
41 307
41 311
41 319
41 340
41 398
41 434
41 442
41 454
41 456
41 483
42 46
42 113
42 133
42 138
42 144
42 186
42 238
42 354
42 372
42 424
42 487
43 80
43 89
43 139
43 170
43 243
43 264
43 300
43 329
43 378
43 443
43 486
43 495
44 46
44 75
44 166
44 191
44 198
44 201
44 255
44 267
44 384
44 409
44 477
45 58
45 71
45 72
45 75
45 80
45 89
45 137
45 140
45 188
45 193
45 226
45 251
45 348
45 372
45 481
46 64
46 90
46 149
46 190
46 234
46 415
47 68
47 142
47 156
47 202
47 217
47 220
47 235
47 366
47 370
47 399
47 453
47 469
47 488
48 77
48 209
48 235
48 304
48 311
48 331
48 347
48 400
48 489
49 53
49 66
49 79
49 80
49 83
49 84
49 101
49 116
49 118
49 125
49 150
49 213
49 215
49 294
49 361
49 376
49 397
49 450
49 465
49 485
49 490
50 73
50 75
50 87
50 88
50 146
50 158
50 185
50 207
50 217
50 278
50 332
50 383
50 388
50 402
50 473
51 93
51 119
51 156
51 268
51 270
51 349
52 108
52 121
52 167
52 176
52 230
52 233
52 244
52 321
52 409
52 424
52 476
53 85
53 87
53 122
53 166
53 289
53 295
53 316
53 353
53 368
53 460
53 461
53 480
54 59
54 93
54 105
54 114
54 143
54 165
54 167
54 194
54 205
54 217
54 242
54 286
54 295
54 306
54 353
54 374
54 382
54 412
54 433
54 444
54 488
55 61
55 77
55 79
55 101
55 136
55 145
55 175
55 177
55 185
55 219
55 235
55 239
55 269
55 325
55 359
55 426
55 449
55 453
55 463
55 498
56 82
56 93
56 337
56 384
56 470
56 472
57 72
57 104
57 142
57 200
57 257
57 387
58 63
58 77
58 149
58 240
58 294
58 302
58 342
58 367
58 419
58 429
58 435
59 159
59 190
59 286
59 330
59 333
59 339
59 491
60 65
60 74
60 151
60 198
60 212
60 226
60 356
60 391
60 464
61 67
61 100
61 132
61 145
61 173
61 181
61 232
61 303
61 315
61 320
62 91
62 95
62 131
62 165
62 305
62 306
62 330
62 336
62 357
62 391
62 395
62 441
63 83
63 117
63 120
63 123
63 135
63 162
63 176
63 212
63 227
63 237
63 271
63 291
63 304
63 305
63 333
63 341
63 342
63 349
63 383
63 407
63 418
64 81
64 105
64 106
64 126
64 133
64 171
64 192
64 226
64 253
64 379
64 393
64 440
65 86
65 92
65 114
65 125
65 133
65 172
65 205
65 292
65 333
65 393
65 410
65 455
66 74
66 165
66 212
66 218
66 270
66 283
66 293
66 360
66 430
66 432
66 485
67 94
67 161
67 176
67 190
67 192
67 210
67 250
67 296
67 399
68 88
68 97
68 99
68 119
68 178
69 100
69 171
69 261
69 299
69 332
69 403
70 79
70 102
70 129
70 162
70 184
70 230
70 241
70 307
70 380
70 392
70 447
70 462
70 496
71 74
71 76
71 81
71 84
71 102
71 108
71 141
71 154
71 193
71 259
71 279
71 280
71 322
71 371
71 372
71 382
71 396
71 406
71 446
71 453
71 475
72 101
72 117
72 125
72 131
72 148
72 157
72 203
72 303
72 377
72 388
72 484
73 90
73 217
73 292
73 335
73 375
73 462
74 78
74 184
74 312
74 315
74 343
74 407
74 447
75 96
75 97
75 101
75 113
75 146
75 158
75 182
75 200
75 219
75 221
75 225
75 242
75 270
75 273
75 289
75 302
75 334
75 350
75 413
75 466
75 476
75 491
76 122
76 154
76 169
76 206
76 296
76 364
76 444
77 155
77 191
77 271
77 273
77 295
77 302
77 321
77 428
78 109
78 322
78 370
78 447
79 89
79 137
79 187
79 221
79 330
79 352
79 433
80 87
80 97
80 107
80 126
80 221
80 232
80 254
80 266
80 268
80 272
80 275
80 291
80 404
80 465
80 479
80 481
80 495
81 91
81 120
81 203
81 229
81 292
81 300
81 310
81 323
81 334
81 369
81 387
81 402
81 416
82 88
82 157
82 248
82 250
82 318
82 452
83 91
83 313
84 111
84 133
84 340
85 142
85 193
85 226
85 244
85 253
85 351
85 366
85 467
86 305
86 308
86 445
87 96
87 107
87 124
87 148
87 152
87 202
87 206
87 236
87 237
87 272
87 293
87 388
87 400
87 452
88 160
88 264
88 347
89 187
89 205
89 251
89 272
89 371
89 440
90 111
90 132
90 228
90 494
91 134
91 164
91 169
91 199
91 224
91 256
91 259
91 284
91 387
91 405
91 420
92 181
92 237
92 262
92 278
92 429
92 496
93 141
93 163
93 266
93 486
94 102
94 120
94 155
94 272
94 316
94 407
94 476
94 492
95 108
95 135
95 139
95 210
95 223
95 234
95 274
95 338
95 346
95 391
95 397
95 461
96 109
96 133
96 169
96 174
97 123
97 173
97 207
97 274
97 293
97 305
97 326
97 351
97 370
97 481
98 99
98 114
98 314
99 107
99 111
99 116
99 156
99 174
99 199
99 203
99 259
99 343
99 369
99 430
99 437
99 465
100 186
100 197
100 259
100 285
100 373
100 486
101 102
101 104
101 170
101 179
101 182
101 183
101 215
101 342
101 461
102 111
102 129
102 137
102 150
102 184
102 198
102 205
102 215
102 242
102 266
102 297
102 357
102 373
102 478
103 158
103 172
103 179
103 226
103 383
103 474
104 151
104 168
104 169
104 185
104 207
104 209
104 212
104 246
104 337
104 375
104 414
104 418
104 478
105 107
105 152
105 155
105 208
105 268
105 271
105 320
105 423
105 449
106 115
106 286
106 473
107 144
107 208
107 211
107 240
107 434
107 493
108 121
108 153
108 159
108 185
108 191
108 318
108 448
109 245
109 246
109 377
109 487
110 127
110 220
110 387
111 171
111 191
111 302
111 402
111 477
112 154
112 164
112 175
112 236
112 417
113 117
113 120
113 138
113 167
113 174
113 218
113 243
113 254
113 339
113 411
113 480
114 159
114 194
114 233
114 332
115 131
115 183
115 202
115 239
115 304
115 404
115 426
115 434
116 160
116 166
116 205
116 247
116 260
116 316
116 439
116 471
117 118
117 125
117 166
117 250
117 390
117 472
118 143
118 188
118 275
118 312
118 423
119 182
119 194
119 203
119 204
119 221
119 237
119 271
119 323
119 439
119 469
119 482
120 282
120 457
120 499
121 154
121 164
121 353
122 123
122 129
122 136
122 192
122 207
122 234
122 273
122 298
122 301
122 367
122 394
122 398
122 401
123 142
123 159
123 161
123 200
123 422
124 125
124 140
124 141
124 161
124 173
124 197
124 217
124 219
124 233
124 251
124 300
124 358
124 385
124 392
124 396
124 419
125 136
125 157
125 193
125 297
125 478
126 138
126 140
126 144
126 159
126 196
126 222
126 257
126 260
126 298
126 322
126 327
126 350
126 362
126 401
126 497
127 129
127 132
127 231
127 355
128 314
128 331
128 469
130 192
130 236
130 238
130 239
130 289
131 132
131 189
131 223
131 230
131 317
131 323
131 378
132 195
132 263
132 333
133 146
133 225
133 265
133 279
133 328
134 189
134 208
134 238
134 274
134 292
134 414
135 141
135 164
135 203
136 139
136 143
136 224
136 267
136 315
137 227
137 233
137 243
137 267
137 288
137 339
137 487
138 194
138 238
138 246
138 257
139 290
139 318
139 479
140 165
140 168
140 172
140 174
140 194
140 204
141 285
141 312
141 376
141 441
142 148
142 206
142 273
142 299
142 431
142 480
142 482
143 276
144 153
144 345
144 379
144 387
144 398
145 199
145 252
145 280
145 343
145 356
145 417
145 419
145 459
145 478
146 179
146 389
147 164
147 211
147 214
147 294
147 308
148 165
148 222
148 265
148 331
149 157
149 244
149 249
149 286
149 301
149 367
149 422
149 446
150 310
150 482
151 240
151 419
151 442
151 450
152 227
152 278
152 376
153 269
153 458
154 197
154 246
154 247
154 281
154 309
154 323
154 347
154 403
154 408
155 189
155 208
155 230
155 261
155 282
155 365
155 395
155 455
156 303
157 195
157 237
157 296
157 393
157 441
158 171
158 360
158 385
159 167
159 291
159 492
159 499
160 162
160 177
160 213
160 269
160 303
160 307
160 340
160 354
160 431
162 180
162 240
162 277
162 285
162 456
162 457
162 485
163 340
163 392
164 284
164 291
164 308
164 355
164 383
164 458
164 487
164 491
165 218
165 228
165 269
165 346
166 361
166 370
166 381
166 484
166 489
167 170
167 173
167 180
167 347
168 323
168 418
168 474
168 479
169 177
169 186
170 176
170 201
170 444
171 221
171 258
171 340
171 470
172 191
172 321
172 377
173 179
173 248
173 430
174 188
174 189
174 222
174 287
174 480
175 233
175 359
175 365
175 411
175 451
176 274
176 417
176 433
177 328
178 202
178 204
178 211
178 365
178 408
178 423
178 490
178 495
179 264
179 274
180 344
180 458
181 189
181 226
181 294
181 473
181 488
182 261
182 278
182 300
182 361
182 456
183 229
183 262
183 275
183 281
183 309
183 328
184 254
184 256
184 268
184 297
184 301
184 324
184 499
185 302
185 489
186 344
186 352
187 450
187 477
188 483
188 498
189 221
189 250
189 341
189 360
189 369
189 374
189 408
190 216
190 246
190 280
190 286
190 363
190 389
190 424
190 445
191 201
191 209
191 220
191 229
191 244
191 248
191 282
191 358
191 363
191 385
191 432
191 440
191 499
192 204
192 282
192 287
192 305
192 335
192 354
192 360
192 394
192 424
192 448
192 452
192 496
192 497
193 240
193 256
193 317
193 320
193 350
193 371
193 398
193 443
193 492
193 494
194 324
194 427
194 474
195 316
195 473
196 256
196 324
196 467
197 224
197 292
197 332
197 334
197 453
198 414
199 259
199 364
199 406
199 473
200 391
201 214
201 324
201 329
203 370
204 279
204 389
205 280
206 354
206 378
206 423
206 443
207 210
207 257
207 289
207 301
207 360
208 241
208 298
208 345
208 349
208 428
208 497
209 232
209 242
209 393
209 417
209 472
210 241
210 255
210 272
210 365
210 380
210 436
210 442
211 214
211 326
211 447
212 341
212 396
212 468
213 325
213 420
213 461
214 486
215 216
215 243
215 284
215 309
215 344
216 261
216 271
216 355
216 490
217 253
217 298
217 318
217 384
217 475
218 253
218 276
218 369
218 399
218 446
218 467
219 293
219 325
219 345
219 364
219 482
220 245
220 268
220 270
221 254
221 297
221 314
221 320
221 400
222 295
223 376
224 249
224 263
224 265
224 334
224 336
224 363
224 387
224 409
224 419
225 234
225 276
225 284
225 466
225 484
226 488
227 310
227 356
228 327
230 269
230 337
230 396
230 413
230 439
230 460
231 239
231 255
232 279
233 299
233 350
233 421
233 458
234 335
234 375
234 435
234 464
235 263
235 328
235 417
236 356
237 441
238 251
238 279
239 244
239 275
241 276
241 288
242 297
242 415
243 309
243 320
243 346
243 382
243 388
243 459
244 442
245 358
245 420
245 438
245 445
246 249
246 252
246 278
246 299
246 346
247 328
247 371
248 319
248 412
248 497
249 296
250 373
251 295
251 448
252 293
252 394
253 303
253 310
253 379
255 394
256 483
257 280
257 287
257 332
257 334
257 358
257 463
258 362
258 438
258 463
260 472
261 290
262 336
262 338
262 435
263 266
263 304
263 435
263 455
263 457
263 460
263 475
263 478
264 338
264 347
264 386
265 288
266 375
266 402
267 294
267 306
267 319
267 399
267 431
268 271
269 326
269 358
269 381
269 393
270 451
271 307
271 371
272 350
272 359
272 382
272 443
272 457
273 283
273 335
273 403
274 279
274 357
274 368
274 374
276 498
277 391
278 425
278 447
279 283
279 335
279 366
281 291
281 308
281 418
281 430
283 290
284 290
284 455
284 459
285 338
286 359
286 362
286 386
287 396
287 414
287 429
289 342
290 395
291 314
291 319
291 321
291 349
291 352
291 432
292 403
293 306
293 341
293 380
293 381
293 382
293 404
293 412
293 494
294 351
295 321
295 414
295 467
296 416
296 485
298 441
301 386
302 410
303 304
303 410
303 489
305 438
305 462
306 320
306 376
306 407
306 430
306 499
307 373
307 394
308 344
308 400
311 318
311 367
311 409
312 330
312 356
312 380
312 437
313 390
314 465
315 323
315 390
315 440
315 462
316 490
317 329
317 354
317 398
318 427
319 404
320 393
320 428
322 451
323 338
323 405
323 426
324 380
325 388
326 411
326 428
326 431
326 492
326 494
327 386
327 396
328 483
329 330
329 355
329 457
331 408
331 422
333 351
333 436
333 460
333 466
335 362
337 433
337 487
338 343
338 352
339 418
339 438
339 474
339 494
340 427
340 497
341 449
342 346
343 372
343 409
346 471
347 437
348 411
349 444
351 379
351 421
354 436
354 463
356 375
356 477
357 429
357 493
359 374
359 401
359 415
360 366
360 400
360 476
362 368
363 391
364 436
365 438
365 480
366 491
367 406
367 473
369 451
370 371
371 390
371 400
371 432
372 394
372 429
374 407
374 460
375 439
376 388
376 395
379 441
381 390
381 392
381 455
382 428
383 456
384 406
384 446
385 413
386 405
386 445
386 476
386 483
389 423
389 426
389 475
389 494
390 452
390 454
392 490
394 434
394 439
396 397
396 414
398 450
401 405
401 448
405 430
405 496
407 427
410 411
411 454
412 415
412 442
414 491
423 491
426 457
428 445
428 455
428 475
431 481
432 469
434 484
436 452
439 479
443 464
444 495
445 469
445 486
447 496
448 462
450 468
450 493
452 470
460 479
462 467
