0 1
0 999
0 2
0 998
1 2
1 3
1 288
1 323
2 3
2 978
2 907
3 4
3 5
3 621
4 5
4 605
5 6
5 7
6 7
6 8
6 941
6 288
6 489
6 669
7 8
7 287
7 498
8 9
8 10
9 10
9 11
9 264
9 561
10 11
10 12
10 610
10 444
11 12
11 13
11 206
12 13
12 14
13 14
13 15
13 404
14 15
14 16
15 127
15 866
16 17
16 18
17 18
17 19
18 19
18 368
18 583
19 21
19 332
19 973
19 260
20 179
20 436
20 443
20 863
21 22
21 23
21 171
21 176
22 23
22 24
23 25
23 687
24 25
24 614
24 948
25 26
25 27
26 27
26 920
27 628
27 81
27 202
27 763
28 29
28 30
29 30
29 121
29 658
30 32
30 327
31 32
31 106
32 34
32 595
33 34
33 35
33 963
34 35
34 36
34 335
35 37
35 710
36 37
36 38
37 39
37 232
37 290
38 39
38 40
39 40
39 41
39 985
40 42
40 163
40 692
41 42
41 43
42 43
42 44
42 911
43 44
43 990
43 748
44 201
44 914
45 46
45 47
46 47
46 48
46 311
47 48
47 730
48 49
48 50
48 505
48 939
49 50
49 51
50 52
50 63
51 754
51 840
52 53
52 54
52 857
53 54
53 55
54 55
54 819
55 57
55 168
56 57
56 58
56 224
56 169
57 59
57 237
58 59
58 60
58 481
59 61
59 792
59 407
60 61
60 62
61 62
61 63
62 64
62 955
63 64
63 65
64 65
64 66
64 940
65 66
65 918
66 67
66 549
67 187
67 303
67 960
68 69
68 70
68 127
69 70
69 530
69 244
69 824
70 71
70 72
70 433
71 968
71 857
71 228
71 517
72 73
72 74
73 74
73 75
73 882
74 75
74 914
74 123
75 76
75 300
76 78
76 112
77 78
77 96
77 483
78 79
78 80
79 81
79 943
80 81
80 807
81 923
81 825
82 83
82 84
83 84
83 85
83 937
84 85
84 86
85 86
85 87
85 328
85 175
86 87
86 88
87 88
87 89
87 617
88 89
88 90
89 90
89 91
90 92
90 246
91 93
91 861
91 947
91 233
92 93
92 94
92 900
93 94
93 95
94 96
94 510
94 760
95 96
95 97
96 98
96 175
97 98
97 99
97 452
97 734
98 99
98 100
99 100
99 101
100 101
100 102
101 781
101 772
102 104
102 360
102 536
103 105
103 643
103 637
104 105
104 577
104 474
105 106
105 107
106 107
106 200
107 108
107 109
107 671
108 109
108 110
108 296
109 110
109 560
110 111
110 864
110 811
111 112
111 839
111 275
112 114
112 512
113 114
113 952
114 115
114 116
115 116
115 117
116 945
116 659
116 707
116 840
117 119
117 912
118 120
118 202
118 536
119 120
119 121
120 121
120 122
120 807
121 123
121 887
122 123
122 124
123 124
123 125
123 663
123 358
124 125
124 348
124 925
125 126
125 127
126 127
126 128
126 305
127 128
128 299
128 701
129 130
129 623
129 352
129 664
130 131
130 132
131 132
131 133
132 133
132 134
133 135
133 458
134 135
134 136
135 136
135 137
136 137
136 138
136 762
137 139
137 188
138 139
138 140
138 522
139 140
139 786
140 141
140 142
140 885
141 143
141 938
142 143
142 144
143 145
143 357
144 145
144 146
145 146
145 147
145 280
146 147
146 148
146 777
147 148
147 327
148 150
148 640
149 150
149 492
150 152
150 744
151 152
151 486
151 987
152 153
152 154
152 279
153 154
153 155
154 155
154 156
155 156
155 157
156 158
156 950
157 383
157 502
157 981
158 159
158 160
158 346
158 616
159 160
159 161
159 559
159 651
160 161
160 162
161 163
161 757
162 163
162 698
163 164
163 599
164 165
164 843
164 849
165 166
165 738
166 168
166 653
166 562
167 168
167 169
167 577
168 169
168 229
168 427
169 170
170 171
170 172
171 971
172 173
172 174
172 936
173 174
173 175
174 307
174 425
174 793
175 210
176 177
177 178
177 179
178 179
178 180
179 180
179 181
180 182
180 219
180 441
181 182
181 552
182 184
182 608
183 184
183 185
184 185
184 924
185 186
185 187
186 187
186 188
187 188
187 910
188 189
188 190
189 190
189 829
190 191
190 192
191 949
191 461
192 194
192 261
193 195
193 911
194 195
194 196
195 196
195 197
195 873
195 922
195 438
195 613
195 705
195 721
196 197
196 198
196 722
197 198
197 635
197 892
198 199
198 200
198 445
199 200
199 798
200 201
200 202
200 232
201 203
201 417
201 642
202 204
203 204
203 528
204 205
204 206
205 206
205 207
205 960
206 366
207 209
207 984
207 818
208 210
208 828
209 210
209 211
209 292
209 985
210 211
211 213
211 411
211 385
212 213
212 340
213 214
213 215
213 994
214 216
214 517
214 244
214 371
215 217
215 507
216 217
216 218
217 218
217 219
218 219
218 220
219 220
219 929
220 221
220 433
220 746
221 222
221 223
221 360
222 224
222 921
223 224
223 225
224 226
225 334
225 307
226 227
226 228
227 228
227 229
228 229
229 230
229 231
230 232
230 841
230 428
230 835
231 233
231 560
231 773
232 234
232 493
233 234
233 805
234 235
234 236
235 236
235 237
236 237
236 238
236 719
237 238
237 239
238 239
238 240
239 240
239 241
240 241
240 512
241 242
241 970
241 809
242 243
242 244
243 244
243 390
245 246
245 741
246 247
246 724
247 249
247 536
248 403
248 378
248 570
249 856
249 443
249 714
250 251
250 252
251 253
251 492
252 253
252 665
253 254
253 255
253 366
253 759
254 255
254 256
255 256
255 257
256 258
256 782
257 258
257 259
258 259
258 517
259 260
259 261
260 261
260 694
261 262
261 263
261 423
262 263
262 264
263 265
263 543
264 266
264 495
265 266
265 267
265 817
266 268
266 516
267 269
267 307
268 270
268 721
269 270
269 869
269 990
270 271
270 272
271 272
271 273
271 457
271 527
272 273
272 932
273 274
273 275
273 511
274 275
274 276
275 276
275 981
276 277
276 278
277 278
277 279
278 279
278 280
279 281
280 944
280 301
281 282
281 283
281 771
282 283
282 683
283 653
283 778
284 285
284 286
284 547
285 286
285 287
285 656
286 287
286 288
286 851
287 288
287 289
289 291
289 866
289 301
289 759
290 377
291 292
291 293
291 718
292 294
293 294
293 295
294 296
294 672
295 296
295 297
295 883
296 297
297 298
297 996
298 299
298 635
299 300
299 301
300 301
300 302
301 453
302 303
302 629
303 305
303 699
303 824
304 305
304 306
305 307
306 307
306 308
306 976
307 309
307 536
308 309
308 310
308 798
309 310
309 311
310 312
310 757
311 312
312 313
312 314
313 314
313 410
314 315
314 847
315 316
315 317
315 899
316 317
316 318
316 648
316 807
317 319
317 494
318 320
318 478
319 321
319 990
320 321
320 322
321 322
321 323
321 854
322 323
322 324
323 324
324 326
324 718
324 516
325 326
325 327
326 327
326 328
327 328
327 329
328 765
329 330
329 331
329 619
330 331
330 332
331 332
331 333
332 333
332 334
332 469
332 592
333 334
333 877
333 449
334 336
334 426
335 336
335 515
336 337
336 338
337 338
337 339
337 352
338 682
338 556
339 340
339 341
340 341
340 359
341 343
341 780
342 343
342 427
343 344
343 345
343 896
344 345
344 346
345 346
345 347
346 619
346 676
347 348
347 349
347 680
348 349
348 350
349 350
349 351
349 846
349 925
350 351
350 352
351 353
351 764
352 353
352 939
353 354
353 355
354 359
354 441
355 357
355 768
356 357
356 358
356 668
357 358
357 359
358 359
359 360
359 849
360 361
361 362
361 363
362 363
362 364
363 364
363 365
363 410
364 365
364 882
365 367
365 630
365 966
366 657
367 368
367 369
368 370
368 700
368 896
369 370
369 371
369 748
369 922
370 371
370 372
370 927
371 373
372 374
372 642
372 566
373 374
373 375
374 375
374 785
375 376
375 377
376 377
376 378
377 378
377 379
378 380
378 910
378 951
379 828
379 893
379 735
380 381
380 382
381 506
381 668
382 383
382 384
383 384
383 385
384 385
384 386
385 967
386 387
386 388
387 388
387 389
388 389
388 747
389 391
389 881
389 906
390 391
390 392
391 393
391 422
392 393
392 394
392 833
393 394
393 395
393 574
394 395
394 396
395 396
395 397
396 397
396 398
397 398
397 399
398 400
398 642
399 400
399 401
400 401
400 402
400 815
401 402
401 403
401 914
402 403
402 404
403 404
403 405
403 444
404 701
405 406
405 407
406 407
406 408
406 691
407 409
408 409
408 410
409 410
409 411
410 411
410 631
411 412
411 413
412 413
412 414
413 415
413 838
414 415
414 416
415 416
415 417
416 417
416 857
416 819
417 418
417 419
417 703
418 419
418 420
419 420
419 421
420 421
420 422
421 422
421 423
421 622
422 424
422 750
423 424
424 425
424 426
424 640
425 427
425 839
426 428
426 900
427 428
427 533
428 430
428 689
429 431
429 884
430 431
430 432
430 729
431 432
431 433
432 433
432 434
432 546
433 434
433 879
434 435
434 436
435 436
435 934
435 971
436 438
437 438
437 723
437 758
438 439
439 440
439 441
440 507
440 992
441 443
442 443
442 444
443 445
443 934
444 570
445 446
446 447
446 448
447 449
447 856
447 593
447 587
448 449
448 450
448 831
449 450
450 451
450 452
451 452
451 453
452 453
453 454
454 455
454 456
455 456
455 457
455 832
456 457
456 458
457 459
457 732
457 792
458 459
458 823
459 460
459 461
460 462
460 983
460 586
461 462
461 968
461 642
462 678
462 926
462 820
462 830
463 465
463 945
464 465
464 466
465 466
465 467
466 468
466 717
467 669
467 686
467 547
468 469
468 742
468 703
469 471
470 471
470 472
470 501
471 472
471 473
472 473
472 474
473 474
473 475
473 808
474 475
475 476
475 477
475 962
476 478
476 564
477 478
477 836
478 479
478 480
478 978
479 480
479 481
480 481
480 482
481 482
482 483
482 484
483 484
483 573
483 537
484 486
484 733
485 486
485 487
486 488
486 675
487 489
487 716
488 489
488 490
488 669
489 490
489 663
490 491
490 677
491 492
491 493
492 493
492 494
492 528
493 495
494 496
494 853
495 497
496 497
496 498
497 791
497 689
497 635
498 499
498 530
498 571
499 500
499 501
499 525
500 501
500 502
501 502
502 504
503 504
503 505
504 505
504 506
505 507
506 507
506 508
507 508
507 509
508 509
508 510
509 510
509 511
510 511
510 512
511 512
512 513
512 514
513 514
513 515
513 654
514 516
514 869
515 517
515 852
516 518
517 518
517 657
517 916
518 519
518 520
519 520
519 521
520 522
520 549
520 799
521 522
521 799
522 524
523 525
523 692
524 525
524 526
525 527
526 528
526 733
527 528
528 952
529 530
529 531
529 594
530 531
531 532
531 533
531 892
532 534
532 597
533 535
534 535
534 536
535 536
535 835
536 635
537 538
538 539
538 540
538 630
539 540
539 541
540 541
540 542
540 550
541 542
541 543
542 543
542 544
543 544
543 545
544 545
544 546
545 546
545 547
545 828
546 547
548 549
548 550
549 550
549 551
550 551
551 552
551 553
552 554
552 918
553 554
553 555
554 555
554 556
555 556
555 557
556 557
556 558
557 558
557 723
558 559
558 560
559 793
560 562
560 941
561 562
562 563
562 661
563 564
563 565
564 565
564 566
565 566
565 567
566 838
567 568
567 569
568 569
568 570
569 570
569 582
570 571
571 572
571 717
572 573
572 767
572 637
573 574
573 575
574 576
575 576
575 577
576 577
576 578
577 578
578 579
578 580
579 580
579 581
580 581
580 636
580 830
580 717
581 582
581 583
582 583
582 584
583 584
583 798
584 585
584 721
585 848
585 927
586 587
587 588
588 589
588 776
588 858
589 590
589 591
589 857
590 591
590 658
590 687
591 592
591 593
592 593
592 854
593 595
594 595
595 596
595 597
596 597
596 598
597 645
597 855
598 599
598 600
599 600
599 601
600 601
600 602
601 602
601 603
602 603
602 604
603 604
603 605
604 605
604 606
604 619
605 606
605 940
605 747
606 607
606 608
607 608
607 609
608 609
608 610
609 610
609 684
609 923
610 612
611 612
611 977
612 613
612 614
612 875
613 614
614 615
614 616
615 617
615 734
616 617
617 618
618 619
618 620
620 621
620 622
621 655
622 623
623 625
624 625
624 626
625 626
625 627
625 695
626 627
626 998
627 628
627 629
628 629
628 630
629 630
629 631
630 674
631 632
632 633
632 634
633 634
633 635
634 635
634 636
636 638
638 639
638 640
638 788
639 641
639 740
640 642
641 642
641 682
642 644
643 644
643 645
644 645
644 646
644 681
645 647
645 694
646 648
646 976
647 648
647 649
648 650
649 650
649 651
649 943
650 651
650 686
651 652
651 967
652 653
652 654
653 654
653 655
654 655
655 656
655 695
656 657
656 891
657 659
659 661
660 661
660 662
661 662
662 663
662 664
664 730
665 666
665 667
665 932
666 667
666 749
667 668
667 669
668 669
670 671
670 672
671 910
672 673
672 674
673 674
673 675
673 704
674 675
674 773
675 676
676 678
676 984
677 678
677 679
678 679
678 680
679 681
679 817
680 681
680 749
681 683
681 696
682 683
682 684
683 684
683 685
684 686
685 686
685 687
686 687
686 688
687 688
687 689
688 689
688 690
689 691
690 691
690 692
691 693
692 694
693 695
693 697
693 886
694 695
695 697
696 697
697 698
697 699
698 699
698 950
699 700
699 701
700 701
700 729
701 702
701 703
702 703
702 912
704 705
704 878
705 706
706 708
706 841
707 708
707 709
708 709
708 710
709 710
709 711
709 752
710 712
710 858
711 712
711 713
712 713
712 714
712 794
713 714
713 715
713 926
714 715
714 716
715 716
715 717
716 717
716 718
717 718
718 719
719 721
720 722
720 792
721 722
722 723
723 724
723 725
724 725
724 726
725 726
725 727
725 827
726 727
726 728
727 728
727 729
727 918
727 829
728 729
728 730
730 731
730 732
730 907
730 814
731 732
731 733
732 734
733 734
733 735
734 735
735 736
735 737
736 737
736 738
737 739
737 773
737 993
738 739
738 740
739 740
739 741
740 741
740 742
741 742
741 743
742 743
742 744
743 744
743 745
744 745
744 746
745 746
745 747
746 747
747 748
747 749
748 750
749 884
750 751
750 752
751 752
751 753
752 753
753 755
753 814
753 770
754 755
754 756
755 756
755 757
756 757
756 758
757 758
757 759
758 759
760 762
761 762
761 763
762 763
763 765
763 871
764 765
764 887
764 882
765 767
765 952
766 767
766 768
767 768
767 769
768 769
768 900
769 770
769 771
770 771
771 772
772 773
772 774
773 774
774 775
774 776
775 776
775 777
776 778
777 779
778 779
778 780
779 780
779 994
780 781
780 782
781 782
781 783
782 783
782 784
783 784
783 785
783 949
784 785
784 786
784 885
785 786
785 891
786 787
786 893
787 788
787 789
787 967
788 790
789 790
789 791
790 791
790 830
790 999
791 792
791 911
792 793
793 794
794 796
794 946
795 796
795 797
796 797
796 798
797 798
797 799
798 800
799 801
800 801
800 802
801 802
801 803
801 996
802 803
802 804
802 979
803 804
803 805
804 805
804 806
805 807
806 807
806 808
807 987
808 809
809 810
810 811
810 812
811 812
811 813
812 813
812 814
813 814
813 815
814 815
815 816
816 817
816 818
817 818
818 879
819 820
820 821
821 822
821 823
822 823
822 824
823 824
823 825
825 826
826 827
826 828
827 828
828 830
829 830
829 837
831 832
832 834
833 834
834 835
834 836
835 836
836 837
836 838
837 839
838 840
838 867
838 849
839 840
839 888
840 841
841 842
841 843
842 844
842 850
843 845
844 845
844 846
845 846
845 847
846 848
847 848
847 849
847 950
848 849
848 974
849 850
850 851
850 852
851 853
851 865
852 854
853 854
853 855
854 871
855 856
855 857
856 857
856 875
858 859
858 860
859 861
859 900
860 861
860 862
861 862
861 863
862 863
862 896
863 864
863 950
864 866
865 866
866 867
866 868
867 868
867 869
867 879
868 869
868 870
869 871
870 871
870 872
871 873
871 968
872 873
872 874
873 875
873 921
873 977
873 910
874 875
874 876
875 876
876 877
876 878
877 878
877 879
878 962
880 881
880 882
881 882
881 883
882 910
883 885
884 885
884 886
886 887
887 889
888 889
888 890
889 890
889 891
890 892
890 911
891 892
893 895
894 895
894 913
895 896
895 897
897 898
897 899
898 899
898 900
899 901
900 902
901 902
901 903
902 903
902 904
903 904
903 905
904 905
904 906
905 906
905 907
906 907
906 916
908 909
908 910
909 910
909 911
911 913
912 913
912 914
913 914
913 915
915 916
915 917
917 919
917 924
918 920
919 920
919 921
920 921
920 922
921 923
923 924
923 925
924 925
924 926
926 928
927 928
928 929
928 930
929 930
929 931
930 931
930 932
931 932
931 933
932 934
933 934
933 935
935 936
935 937
936 938
937 938
938 939
938 940
941 943
942 943
942 944
943 945
943 947
944 945
944 946
945 946
945 947
946 948
948 949
949 950
951 953
952 953
952 954
953 954
953 955
954 955
954 956
955 956
955 957
956 957
956 958
957 958
957 959
958 959
958 960
959 960
959 961
961 962
961 963
962 963
963 964
964 965
964 966
965 966
965 967
966 968
969 970
969 971
970 971
970 972
971 972
971 973
972 973
972 974
973 975
974 975
974 976
974 986
975 976
975 977
976 977
976 996
977 979
978 979
979 980
980 981
980 982
981 983
982 983
982 984
983 984
983 985
984 985
986 987
987 989
988 989
988 990
989 990
989 991
990 992
991 992
991 993
992 993
992 994
993 994
994 995
995 996
995 997
997 998
997 999
998 999
