0 1
0 99
1 2
2 3
3 4
4 5
5 6
6 7
7 8
8 9
9 53
10 11
11 12
12 13
13 14
14 86
15 16
16 17
16 43
17 18
18 19
19 20
19 28
20 21
20 65
21 22
22 23
22 80
23 24
24 36
25 26
26 27
27 38
27 37
29 30
30 31
31 32
32 33
32 48
33 34
34 35
35 36
36 37
38 39
39 40
40 41
41 90
42 43
44 45
45 46
46 47
47 48
49 50
50 51
51 82
52 53
53 54
54 55
55 56
56 57
57 58
58 59
59 60
60 69
61 62
62 63
63 64
63 81
64 79
66 67
66 82
67 68
68 69
69 70
70 71
71 72
72 73
72 88
72 89
73 74
74 83
75 76
76 77
77 78
78 79
79 80
83 84
84 85
85 86
86 87
87 88
90 91
91 92
92 93
93 94
94 95
95 96
96 97
97 98
98 99
